"article_id","score"
1,0.216350793650794
4,0.142412698412698
7,0.118707142857143
8,0.135509523809524
9,0.259629365079365
13,0.36968253968254
17,0.244764285714286
19,0.286692857142857
20,0.114299206349206
23,0.0908785714285714
25,0.230984920634921
35,0.225107142857143
37,0.186636507936508
40,0.275006349206349
42,0.274557142857143
43,0.103976984126984
47,0.111061111111111
49,0.0691412698412698
50,0.0402523809523809
58,0.316488095238095
63,0.0441119047619048
65,0.0254865079365079
68,0.122896031746032
69,0.243893650793651
74,0.306464285714286
87,0.263551587301587
88,0.268349206349206
96,0.197146825396825
97,0.355774603174603
101,0.28075
105,0.178839682539683
108,0.214443650793651
112,0.136064285714286
113,0.290101587301587
114,0.382892063492063
115,0.136868253968254
116,0.248952380952381
118,0.332692063492063
121,0.166265873015873
122,0.283060317460318
125,0.163757936507937
128,0.284307936507937
135,0.149398412698413
137,0.249200793650794
138,0.305081746031746
141,0.235896031746032
143,0.243243650793651
146,0.350149206349206
147,0.069865873015873
150,0.171726984126984
156,0.311730158730159
161,0.227730952380952
167,0.15714126984127
168,0.0942238095238095
171,0.266324603174603
175,0.292573015873016
176,0.102833333333333
177,0.313244444444445
186,0.168585714285714
189,0.208537301587302
190,0.160766666666667
194,0.123037301587302
196,0.179193650793651
198,0.158568253968254
201,0.245683333333333
204,0.0888809523809524
207,0.24437380952381
223,0.263356349206349
229,0.135878571428571
234,0.284387301587302
236,0.255657936507937
238,0.193181746031746
241,0.0851619047619048
251,0.131785714285714
252,0.379175396825397
257,0.100852380952381
271,0.356388888888889
272,0.323455555555556
273,0.249292063492063
275,0.231828571428571
278,0.234154761904762
281,0.256075396825397
283,0.190211111111111
296,0.22903253968254
299,0.150357936507936
301,0.19431746031746
306,0.1655
309,0.198680952380952
312,0.24265873015873
317,0.311918253968254
318,0.246397619047619
323,0.194938095238095
327,0.328673015873016
329,0.272834126984127
332,0.187529365079365
335,0.194856349206349
341,0.308220634920635
343,0.358504761904762
344,0.283480952380952
345,0.173213492063492
348,0.253457142857143
350,0.229734920634921
351,0.32197619047619
354,0.210136507936508
355,0.293196031746032
359,0.0987063492063492
360,0.198052380952381
363,0.206022222222222
368,0.0902777777777778
374,0.138178571428571
375,0.0751777777777778
378,0.199151587301587
379,0.280214285714286
388,0.157619841269841
389,0.228688095238095
395,0.163811904761905
398,0.293212698412698
402,0.118663492063492
404,0.129490476190476
409,0.165714285714286
410,0.222468253968254
413,0.183988888888889
415,0.066968253968254
418,0.172727777777778
426,0.227246825396825
429,0.225742063492064
431,0.145064285714286
434,0.197889682539683
440,0.22877619047619
446,0.0837198412698413
447,0.190653968253968
454,0.210470634920635
457,0.435597619047619
460,0.116650793650794
462,0.190029365079365
467,0.171809523809524
469,0.347365079365079
470,0.133136507936508
477,0.149173015873016
478,0.28008253968254
480,0.173196031746032
481,0.140657142857143
483,0.0484126984126984
484,0.285205555555556
485,0.146461904761905
487,0.152626984126984
490,0.134147619047619
492,0.104647619047619
494,0.20967380952381
495,0.267595238095238
496,0.177602380952381
498,0.252881746031746
505,0.0934007936507937
506,0.119764285714286
507,0.140729365079365
509,0.0609507936507936
511,0.131792857142857
512,0.220327777777778
517,0.13548253968254
520,0.221715873015873
522,0.140146825396825
523,0.213321428571429
525,0.242954761904762
532,0.197029365079365
534,0.405631746031746
536,0.310207142857143
537,0.249221428571429
540,0.275238888888889
550,0.198639682539683
557,0.178324603174603
563,0.269500793650794
564,0.25937380952381
575,0.319714285714286
593,0.12148253968254
594,0.254484126984127
595,0.139405555555556
596,0.185068253968254
599,0.117692857142857
600,0.249252380952381
603,0.165769841269841
604,0.16527380952381
605,0.166913492063492
607,0.100918253968254
609,0.17665
611,0.235769841269841
614,0.225090476190476
615,0.0770738095238095
620,0.219523015873016
622,0.11194126984127
624,0.127081746031746
625,0.200738888888889
626,0.422661904761905
633,0.0984134920634921
636,0.338568253968254
637,0.366252380952381
638,0.185676984126984
647,0.209430158730159
648,0.231861111111111
650,0.0555563492063492
653,0.203759523809524
654,0.176915873015873
658,0.146735714285714
660,0.35237619047619
664,0.236027777777778
665,0.175399206349206
669,0.150260317460318
671,0.223521428571429
673,0.357696031746032
677,0.299643650793651
679,0.169736507936508
681,0.193803968253968
686,0.198372222222222
687,0.0681809523809524
694,0.13720873015873
696,0.168986507936508
699,0.215845238095238
700,0.140034126984127
704,0.200290476190476
706,0.13883253968254
709,0.299310317460318
712,0.376584126984127
713,0.140692063492064
714,0.252112698412698
715,0.310928571428571
717,0.19212380952381
718,0.357624603174603
719,0.271210317460318
722,0.284857142857143
723,0.374839682539682
724,0.137003174603175
727,0.364326984126984
730,0.309116666666667
735,0.237604761904762
737,0.269903174603175
742,0.262683333333333
747,0.201821428571429
748,0.0491246031746032
749,0.168959523809524
750,0.190164285714286
753,0.268964285714286
755,0.135585714285714
756,0.109181746031746
761,0.377707936507936
765,0.226986507936508
766,0.119850793650794
767,0.197887301587302
771,0.158006349206349
772,0.204080952380952
774,0.318170707070707
776,0.0471722222222222
777,0.188561111111111
785,0.287571428571429
787,0.125073015873016
794,0.396913492063492
796,0.0936166666666667
798,0.164868253968254
803,0.207903174603175
812,0.255175396825397
814,0.271977777777778
816,0.150179365079365
818,0.112871428571429
819,0.114930158730159
825,0.178055555555556
826,0.221343650793651
827,0.21160873015873
831,0.161507936507937
850,0.244339682539683
852,0.235502380952381
854,0.259335714285714
855,0.178445238095238
863,0.375911904761905
873,0.209538095238095
880,0.177273015873016
881,0.17071746031746
891,0.187159523809524
892,0.211292857142857
893,0.184178571428571
897,0.0932285714285714
898,0.111045238095238
900,0.0810349206349206
902,0.0798111111111111
904,0.0838269841269842
905,0.0413880952380952
908,0.14476746031746
909,0.235429365079365
920,0.440955555555555
921,0.133353968253968
923,0.116253968253968
929,0.175533333333333
933,0.0293968253968254
934,0.269942857142857
937,0.34346746031746
939,0.133803174603175
940,0.10819126984127
944,0.199189682539683
947,0.269176984126984
948,0.186702380952381
956,0.326974603174603
957,0.080081746031746
961,0.236165873015873
964,0.13208253968254
970,0.179692063492063
973,0.192129365079365
974,0.141449206349206
975,0.12335873015873
978,0.224842063492063
982,0.193111111111111
988,0.230381746031746
998,0.152081746031746
999,0.0745563492063492
1004,0.181927777777778
1005,0.166770634920635
1010,0.0427706349206349
1011,0.235042063492063
1013,0.0657023809523809
1015,0.327938095238095
1022,0.113475396825397
1026,0.198589682539682
1027,0.207857936507937
1030,0.340811904761905
1038,0.214265873015873
1040,0.15505
1044,0.208742857142857
1048,0.305964285714286
1054,0.199773015873016
1055,0.109915079365079
1056,0.07315
1058,0.147216666666667
1060,0.188003968253968
1063,0.311761984126984
1067,0.0855103174603175
1068,0.453814285714286
1071,0.11779126984127
1073,0.407475116713352
1076,0.254871428571429
1078,0.189690476190476
1092,0.243929365079365
1094,0.18157380952381
1098,0.179803174603175
1102,0.221034920634921
1103,0.351154761904762
1108,0.248344444444444
1113,0.196771428571429
1118,0.356665873015873
1122,0.295930954593014
1123,0.329636507936508
1125,0.282592063492063
1126,0.279253174603175
1139,0.328457936507937
1142,0.313263492063492
1144,0.313760317460317
1147,0.281564285714286
1154,0.185236507936508
1157,0.184764285714286
1167,0.207702380952381
1168,0.156902380952381
1173,0.172679365079365
1175,0.211592857142857
1180,0.3014
1183,0.080754761904762
1187,0.260500793650794
1189,0.414697619047619
1191,0.0679269841269841
1192,0.0425492063492063
1198,0.171400793650794
1199,0.15455873015873
1200,0.180904761904762
1205,0.130906349206349
1208,0.177169841269841
1210,0.102392063492064
1211,0.141574603174603
1215,0.125376190476191
1217,0.189523015873016
1220,0.202271428571429
1222,0.253514285714286
1225,0.226479365079365
1226,0.191256349206349
1231,0.304704761904762
1232,0.207173015873016
1235,0.202339682539683
1244,0.199055555555556
1249,0.270254761904762
1250,0.168492063492064
1252,0.238148412698413
1275,0.0596198412698413
1279,0.22671746031746
1284,0.137942063492064
1288,0.126803174603175
1293,0.172990476190476
1294,0.126160317460317
1298,0.217843650793651
1299,0.0777714285714286
1307,0.0981587301587302
1309,0.158102380952381
1310,0.0925603174603175
1312,0.274269047619048
1313,0.328134050900518
1324,0.30266746031746
1326,0.232353968253968
1334,0.125737301587302
1343,0.25412619047619
1346,0.138992063492064
1354,0.219910317460317
1359,0.0957944444444445
1363,0.0688436507936508
1364,0.247326984126984
1370,0.159686507936508
1371,0.0811380952380953
1379,0.0346714285714286
1381,0.250553968253968
1382,0.158483333333333
1385,0.268626984126984
1386,0.133544444444444
1392,0.162524603174603
1395,0.262870634920635
1396,0.314969047619048
1398,0.124747619047619
1399,0.122389682539683
1400,0.292696031746032
1404,0.150900793650794
1407,0.206242063492064
1411,0.174315873015873
1414,0.141069047619048
1415,0.124873015873016
1417,0.329525396825397
1421,0.218518253968254
1424,0.115365079365079
1425,0.245161111111111
1430,0.226996825396826
1431,0.265283333333333
1439,0.131675396825397
1440,0.11531746031746
1446,0.070768253968254
1449,0.240727777777778
1453,0.15359126984127
1454,0.142779365079365
1458,0.207407142857143
1462,0.182933333333333
1466,0.230051587301587
1468,0.102055555555556
1474,0.211654761904762
1475,0.1222
1479,0.176246825396825
1486,0.30675753337371
1494,0.253760317460318
1495,0.114183333333333
1497,0.102276190476191
1498,0.0916063492063492
1499,0.220423015873016
1500,0.270038095238095
1510,0.244346825396825
1511,0.115573015873016
1515,0.241352380952381
1523,0.162513492063492
1539,0.380669047619048
1541,0.111562698412698
1543,0.0528039682539682
1548,0.169935714285714
1552,0.189584920634921
1555,0.303533333333333
1557,0.217380158730159
1561,0.292384920634921
1562,0.274054761904762
1575,0.287741057571712
1578,0.217294444444445
1586,0.160840476190476
1587,0.194098412698413
1589,0.185642857142857
1590,0.161377777777778
1591,0.112428571428571
1596,0.18625873015873
1599,0.149313492063492
1602,0.253643650793651
1610,0.171775396825397
1617,0.127674603174603
1620,0.162497619047619
1627,0.1626
1630,0.139670634920635
1636,0.0674809523809524
1640,0.17927380952381
1641,0.0670095238095238
1644,0.0769142857142857
1647,0.156160317460318
1657,0.159615873015873
1658,0.20790873015873
1660,0.2058
1661,0.374818253968254
1662,0.229952380952381
1667,0.225264285714286
1670,0.176955555555556
1673,0.283470634920635
1677,0.170579365079365
1678,0.182834920634921
1682,0.0701650793650794
1684,0.220192857142857
1685,0.139156349206349
1691,0.220616666666667
1693,0.168411111111111
1697,0.350026984126984
1698,0.141109523809524
1705,0.190162698412698
1706,0.158643650793651
1707,0.234262698412698
1711,0.0638095238095238
1712,0.126818253968254
1713,0.251649206349206
1715,0.0874015873015873
1717,0.268692857142857
1718,0.109330158730159
1727,0.397644660953082
1737,0.0892500000000001
1740,0.138872222222222
1743,0.164523015873016
1748,0.156321428571429
1753,0.138105555555556
1754,0.130615079365079
1755,0.258735714285714
1756,0.128315873015873
1759,0.23875
1760,0.288103968253968
1763,0.253499206349206
1764,0.140730158730159
1765,0.110588095238095
1768,0.114892063492063
1769,0.201646031746032
1776,0.131202380952381
1782,0.183988888888889
1789,0.259738095238095
1791,0.182784920634921
1794,0.0819928571428571
1796,0.115015873015873
1801,0.0471563492063492
1803,0.262101587301587
1806,0.061963492063492
1816,0.300577777777778
1817,0.167961904761905
1818,0.189602380952381
1821,0.101623015873016
1822,0.185640476190476
1826,0.0867825396825397
1827,0.248607142857143
1829,0.204542063492063
1833,0.113742063492064
1847,0.216442857142857
1854,0.320200793650794
1855,0.207071428571428
1857,0.0814357142857143
1859,0.201146031746032
1860,0.253830952380952
1861,0.149396825396825
1865,0.199975396825397
1869,0.113787301587302
1871,0.221530158730159
1872,0.114822222222222
1874,0.256152380952381
1875,0.134834920634921
1876,0.232284126984127
1877,0.255892857142857
1878,0.128437301587302
1879,0.16677380952381
1881,0.280362698412698
1888,0.254233333333333
1895,0.119980158730159
1896,0.0992007936507937
1898,0.131976984126984
1899,0.271862698412698
1902,0.24618253968254
1906,0.113693650793651
1907,0.193761111111111
1908,0.0950333333333334
1910,0.130861904761905
1911,0.1925
1912,0.0688746031746032
1915,0.189601587301587
1920,0.0659801587301587
1921,0.232776984126984
1924,0.22395
1925,0.348339826839827
1926,0.109419047619048
1932,0.287198412698413
1938,0.37667619047619
1942,0.218288095238095
1953,0.33601746031746
1954,0.168239682539683
1956,0.211107936507937
1958,0.124549206349206
1960,0.166996825396825
1965,0.184775396825397
1974,0.417107142857143
1975,0.27613253968254
1980,0.31665873015873
1982,0.142011904761905
1983,0.137761111111111
1985,0.124950793650794
1994,0.147118253968254
1997,0.298690476190476
1999,0.239324603174603
2001,0.3103
2005,0.126296825396825
2007,0.161914285714286
2008,0.140310317460317
2009,0.2596
2016,0.298097619047619
2017,0.0960253968253968
2018,0.157588095238095
2019,0.0563468253968254
2021,0.169455555555556
2023,0.0734031746031746
2025,0.409707142857143
2031,0.162780952380952
2035,0.228125396825397
2038,0.167580158730159
2043,0.180145238095238
2044,0.118505555555556
2046,0.206205555555556
2049,0.159925396825397
2051,0.123919841269841
2052,0.163904761904762
2054,0.106819841269841
2055,0.186745238095238
2062,0.286292063492063
2068,0.219486507936508
2069,0.249039682539683
2074,0.035765873015873
2078,0.152320634920635
2079,0.176407142857143
2084,0.166861111111111
2085,0.197259523809524
2088,0.0753531746031746
2093,0.198985714285714
2102,0.139257936507936
2106,0.178203968253968
2108,0.291254761904762
2112,0.203459523809524
2114,0.17332380952381
2115,0.0996150793650794
2120,0.208213492063492
2121,0.262220634920635
2122,0.271797619047619
2129,0.0919611111111111
2139,0.235646825396825
2140,0.0911698412698413
2142,0.206503174603175
2146,0.175650793650794
2147,0.349536507936508
2153,0.0862674603174603
2166,0.070381746031746
2167,0.240783333333333
2172,0.157669047619048
2173,0.179977777777778
2181,0.227529365079365
2182,0.339868253968254
2186,0.160533333333333
2187,0.0966309523809524
2192,0.241969841269841
2196,0.131620634920635
2200,0.227628571428571
2202,0.190704761904762
2204,0.202768253968254
2205,0.226869047619048
2206,0.392339682539683
2209,0.184761904761905
2211,0.173988888888889
2213,0.255295238095238
2217,0.209413492063492
2218,0.228609523809524
2219,0.183633333333333
2220,0.188565079365079
2236,0.349946825396825
2241,0.145431746031746
2242,0.10035873015873
2243,0.391570634920635
2254,0.330827777777778
2258,0.223542063492063
2260,0.275286507936508
2262,0.161588888888889
2265,0.213649206349206
2268,0.128040476190476
2271,0.158179365079365
2273,0.220934920634921
2274,0.0419857142857143
2276,0.178655555555556
2277,0.249384920634921
2278,0.0867992063492063
2285,0.252380158730159
2288,0.205492857142857
2289,0.130030158730159
2294,0.0278119047619048
2295,0.220330158730159
2302,0.128418253968254
2308,0.248738095238095
2309,0.315394733044733
2315,0.322242063492064
2317,0.298081746031746
2319,0.254283333333333
2327,0.203748412698413
2330,0.0577349206349206
2332,0.161476984126984
2333,0.114438095238095
2337,0.19507619047619
2341,0.116152380952381
2344,0.259734920634921
2346,0.332369841269841
2348,0.320713492063492
2349,0.0718404761904762
2350,0.25201746031746
2352,0.139192857142857
2354,0.362407936507936
2362,0.341040476190476
2363,0.196921428571429
2366,0.136147619047619
2374,0.136273015873016
2375,0.0781531746031746
2378,0.267618253968254
2379,0.285392063492063
2380,0.237444444444445
2381,0.204257936507937
2382,0.144205411255411
2387,0.330314302422724
2388,0.284646681096681
2395,0.412739682539682
2396,0.283644444444445
2401,0.119745238095238
2402,0.0860468253968254
2406,0.254940476190476
2410,0.264727777777778
2412,0.344993650793651
2416,0.125387301587302
2419,0.137573015873016
2421,0.308728571428572
2422,0.241523809523809
2424,0.187496031746032
2427,0.211912698412698
2431,0.128485714285714
2433,0.212614285714286
2437,0.409386507936508
2440,0.194985714285714
2441,0.213025396825397
2443,0.321302380952381
2444,0.173830158730159
2447,0.176347619047619
2449,0.160859523809524
2461,0.050968253968254
2462,0.415692063492064
2468,0.200298412698413
2470,0.216597619047619
2472,0.0722174603174603
2478,0.35380873015873
2482,0.148744444444444
2483,0.135940476190476
2485,0.123601587301587
2490,0.103596031746032
2499,0.161357142857143
2500,0.227450793650794
2501,0.209069841269841
2503,0.083095238095238
2506,0.215655555555556
2509,0.201753968253968
2520,0.139703968253968
2527,0.177569047619048
2528,0.174702380952381
2529,0.163048412698413
2530,0.325393650793651
2537,0.221131746031746
2547,0.109079365079365
2555,0.222821428571429
2558,0.214335714285714
2562,0.153044444444444
2563,0.299114151112158
2565,0.179116666666667
2569,0.193080158730159
2570,0.21021746031746
2571,0.240980158730159
2573,0.183157142857143
2580,0.157266666666667
2581,0.299626984126984
2582,0.0522698412698413
2583,0.259798412698413
2584,0.212146031746032
2589,0.32675873015873
2596,0.134818253968254
2601,0.241519047619048
2605,0.224550793650794
2607,0.192465079365079
2609,0.0777166666666667
2612,0.223238095238095
2619,0.0685373015873016
2621,0.147438888888889
2631,0.141759523809524
2636,0.232088888888889
2640,0.295519047619048
2642,0.202173015873016
2651,0.269283333333333
2652,0.261733333333333
2653,0.382134126984127
2654,0.27812380952381
2656,0.21457619047619
2659,0.0967404761904762
2667,0.249423809523809
2675,0.298080952380952
2677,0.121036507936508
2679,0.158119047619048
2683,0.16577619047619
2685,0.143745238095238
2688,0.286142063492064
2692,0.115126190476191
2703,0.125427777777778
2709,0.187497619047619
2710,0.0900325396825397
2714,0.163553174603175
2716,0.182762698412698
2717,0.195663492063492
2723,0.102596031746032
2725,0.175504761904762
2726,0.169483333333333
2727,0.146607142857143
2729,0.170656349206349
2731,0.261692857142857
2733,0.239593650793651
2735,0.393153968253968
2736,0.295204761904762
2742,0.20783253968254
2743,0.328120634920635
2747,0.208988888888889
2751,0.205365873015873
2752,0.257820634920635
2757,0.351002380952381
2772,0.326757584727585
2773,0.35721507936508
2774,0.24739126984127
2775,0.269712698412698
2781,0.141104761904762
2783,0.221950793650794
2789,0.372127777777778
2796,0.179368253968254
2798,0.0806293650793651
2799,0.21164126984127
2802,0.0856357142857143
2804,0.138480952380952
2809,0.214207936507936
2813,0.158476984126984
2814,0.332229365079365
2815,0.409608730158731
2818,0.162570634920635
2821,0.421223015873016
2826,0.148425396825397
2831,0.325152380952381
2832,0.0997396825396826
2836,0.394612698412699
2840,0.276729365079365
2842,0.200514285714286
2846,0.198892063492064
2854,0.20664126984127
2866,0.204015873015873
2870,0.12285873015873
2872,0.190687301587302
2876,0.178263492063492
2878,0.0966714285714285
2880,0.160949206349206
2884,0.0616777777777778
2885,0.226651587301587
2887,0.151462698412698
2891,0.251442857142857
2901,0.111549206349206
2906,0.197661904761905
2910,0.173947619047619
2912,0.212419841269841
2920,0.270407142857143
2930,0.187661111111111
2936,0.233080158730159
2937,0.268340476190476
2940,0.322039682539682
2947,0.299528571428571
2949,0.115288095238095
2953,0.227646825396825
2954,0.160295238095238
2956,0.19706746031746
2958,0.124295238095238
2963,0.180338888888889
2965,0.166597619047619
2966,0.121687301587302
2972,0.261850793650794
2975,0.0715753968253968
2978,0.132109523809524
2980,0.138349206349206
2984,0.123065873015873
2985,0.254180158730159
2989,0.123556349206349
2991,0.300279365079365
2992,0.163751587301587
2996,0.313046825396825
2998,0.372704761904762
3005,0.192452380952381
3008,0.175034920634921
3009,0.288209523809524
3012,0.381419047619048
3014,0.355351587301587
3031,0.376654761904762
3034,0.125165873015873
3035,0.0870388888888889
3036,0.172953968253968
3037,0.0859912698412699
3038,0.144569841269841
3041,0.157830158730159
3042,0.111607142857143
3044,0.26692380952381
3046,0.247680952380952
3048,0.150826984126984
3050,0.0899984126984127
3052,0.193947619047619
3053,0.127709523809524
3060,0.188265079365079
3062,0.183592857142857
3070,0.284528571428572
3078,0.267380158730159
3079,0.162026190476191
3084,0.221866666666667
3091,0.199554761904762
3092,0.47133253968254
3093,0.0384746031746032
3094,0.286406349206349
3098,0.233654761904762
3099,0.145207936507937
3103,0.328270634920635
3104,0.212909523809524
3107,0.27804126984127
3113,0.245744444444444
3114,0.120738888888889
3117,0.266347619047619
3118,0.276326190476191
3124,0.096134126984127
3127,0.127657936507936
3130,0.140886507936508
3138,0.343757142857143
3145,0.46349126984127
3147,0.216357142857143
3151,0.179351587301587
3152,0.284416666666667
3157,0.181116666666667
3166,0.393305555555556
3168,0.29933253968254
3173,0.0658142857142857
3179,0.275203174603175
3180,0.424339682539683
3182,0.243959523809524
3185,0.16889126984127
3192,0.296674603174603
3201,0.149983333333333
3202,0.0697309523809524
3206,0.240014285714286
3207,0.103811904761905
3208,0.210198412698413
3211,0.336638888888889
3213,0.170004761904762
3220,0.194857142857143
3222,0.199297619047619
3223,0.150559523809524
3226,0.247203968253968
3228,0.212907142857143
3229,0.144625396825397
3232,0.145322222222222
3235,0.204326984126984
3250,0.338139682539683
3251,0.173873015873016
3255,0.095531746031746
3262,0.310395238095238
3263,0.122595238095238
3266,0.177419841269841
3267,0.249722222222222
3268,0.127906349206349
3270,0.284853174603174
3271,0.150890476190476
3273,0.127152380952381
3275,0.355281746031746
3276,0.253272222222222
3283,0.146222222222222
3287,0.32057619047619
3290,0.194011904761905
3297,0.186528571428571
3303,0.23629126984127
3304,0.164256349206349
3306,0.161844444444444
3307,0.225506349206349
3308,0.105038095238095
3314,0.0549571428571428
3316,0.322405555555556
3320,0.366524603174603
3322,0.0778476190476191
3329,0.279052380952381
3330,0.232612698412698
3332,0.204854761904762
3335,0.232812698412698
3336,0.464977777777778
3346,0.199819841269841
3355,0.297234126984127
3359,0.140215873015873
3363,0.142830158730159
3367,0.136416666666667
3368,0.208012698412698
3374,0.15261746031746
3378,0.246572222222222
3379,0.0793380952380953
3383,0.190840476190476
3386,0.157435714285714
3388,0.249645238095238
3390,0.218168253968254
3392,0.338469841269841
3394,0.300271428571428
3395,0.285234920634921
3396,0.206163492063492
3397,0.0456333333333333
3398,0.129851587301587
3402,0.256896825396825
3403,0.281734920634921
3404,0.53519126984127
3410,0.0433222222222222
3412,0.182303968253968
3422,0.0936166666666667
3423,0.153011904761905
3424,0.136615079365079
3428,0.268699206349206
3430,0.196088888888889
3431,0.188564285714286
3432,0.353089682539683
3434,0.224843650793651
3438,0.174937301587302
3440,0.408924603174603
3441,0.222619047619048
3446,0.204644444444444
3447,0.241813492063492
3449,0.170992857142857
3450,0.0731412698412698
3451,0.179403174603175
3460,0.280080952380952
3463,0.343646825396825
3464,0.221398412698413
3465,0.251471428571429
3466,0.207357936507937
3468,0.18051746031746
3470,0.167796825396825
3473,0.187671428571429
3474,0.213597619047619
3476,0.244823015873016
3477,0.30904126984127
3482,0.267716666666667
3486,0.127101587301587
3487,0.501475396825397
3488,0.194142063492064
3489,0.266800793650794
3490,0.23895873015873
3502,0.17831746031746
3509,0.167392857142857
3510,0.398337301587302
3514,0.203896031746032
3516,0.194038888888889
3522,0.295583333333333
3524,0.372712698412698
3525,0.242726984126984
3538,0.152173015873016
3540,0.220905555555556
3543,0.220846825396825
3544,0.295219841269841
3553,0.308130952380952
3554,0.439618253968254
3556,0.500194444444444
3557,0.329627777777778
3564,0.16301746031746
3569,0.311776984126984
3570,0.183369841269841
3575,0.220715873015873
3578,0.206985714285714
3591,0.280215079365079
3603,0.148392857142857
3605,0.352707142857143
3612,0.179001587301587
3613,0.221585990338164
3615,0.267280952380952
3617,0.22671746031746
3618,0.297460317460317
3619,0.265942063492064
3625,0.191211904761905
3631,0.287024603174603
3634,0.204671428571429
3636,0.171946031746032
3637,0.0624563492063492
3642,0.277909523809524
3645,0.236902380952381
3647,0.189005555555556
3650,0.205149206349206
3651,0.108346825396825
3653,0.416588888888889
3654,0.252996825396826
3656,0.202285714285714
3660,0.425980952380952
3668,0.242774603174603
3669,0.16321507936508
3674,0.292240476190476
3675,0.216640476190476
3676,0.134472222222222
3678,0.184461904761905
3689,0.403486507936508
3693,0.390801587301587
3696,0.262868253968254
3702,0.211080158730159
3704,0.192880952380952
3709,0.127465873015873
3710,0.149685714285714
3712,0.143000793650794
3713,0.260477777777778
3716,0.480256349206349
3717,0.409624603174603
3718,0.128323015873016
3721,0.242192857142857
3723,0.122153968253968
3728,0.1541
3734,0.336437301587302
3735,0.181007936507937
3739,0.255853174603175
3741,0.24321746031746
3744,0.240153174603175
3745,0.139368253968254
3746,0.226514285714286
3747,0.284330952380952
3754,0.254410317460317
3756,0.249211111111111
3757,0.312070634920635
3763,0.127497619047619
3767,0.146793650793651
3768,0.254046031746032
3771,0.215638095238095
3772,0.234315079365079
3774,0.135794444444444
3786,0.231213492063492
3787,0.377242063492064
3791,0.190268253968254
3795,0.143065873015873
3796,0.400644444444445
3798,0.121911111111111
3800,0.269233333333333
3801,0.318642857142857
3803,0.222009523809524
3804,0.215440476190476
3805,0.162728571428571
3809,0.210742063492064
3810,0.23426746031746
3820,0.359755555555556
3827,0.350345238095238
3828,0.477922222222222
3834,0.201119047619048
3835,0.215838095238095
3838,0.144559523809524
3839,0.221670634920635
3840,0.201825396825397
3847,0.134272222222222
3850,0.25953253968254
3851,0.131733333333333
3858,0.104730158730159
3861,0.238172222222222
3863,0.100905555555556
3870,0.271223015873016
3873,0.141550793650794
3874,0.235845238095238
3875,0.283301587301587
3877,0.129303174603175
3879,0.339380952380952
3881,0.354782226565143
3887,0.233824603174603
3889,0.212514285714286
3893,0.197180158730159
3898,0.506926984126984
3905,0.240663492063492
3910,0.179348412698413
3914,0.318192063492064
3916,0.303736507936508
3917,0.411276190476191
3918,0.236638888888889
3921,0.234457142857143
3923,0.30381746031746
3932,0.209614285714286
3934,0.235307936507937
3937,0.241584126984127
3938,0.355475396825397
3941,0.22523253968254
3942,0.310720634920635
3943,0.291976190476191
3944,0.297907142857143
3947,0.250906349206349
3954,0.171660317460317
3960,0.344869047619047
3964,0.207044444444444
3965,0.224071428571429
3968,0.255212698412699
3969,0.119690476190476
3977,0.331592063492063
3979,0.141144444444444
3984,0.227107142857143
3986,0.142612698412698
3989,0.269370634920635
3991,0.152256349206349
3997,0.152880158730159
4001,0.242769841269841
4004,0.117759523809524
4006,0.101465873015873
4007,0.122959523809524
4011,0.431903968253968
4018,0.0981166666666667
4020,0.0841055555555555
4023,0.138465873015873
4025,0.197084920634921
4029,0.292643650793651
4031,0.286645238095238
4041,0.255916666666667
4045,0.0913714285714286
4047,0.153072222222222
4053,0.160274603174603
4055,0.258597619047619
4058,0.143262698412698
4060,0.300958320176556
4063,0.144090476190476
4065,0.251739682539683
4066,0.199681746031746
4067,0.328255555555555
4070,0.311428571428571
4071,0.174773015873016
4073,0.26543253968254
4074,0.237698412698413
4077,0.265993650793651
4080,0.199730158730159
4084,0.166250793650794
4086,0.193625396825397
4087,0.115557142857143
4088,0.206726984126984
4091,0.0712063492063492
4095,0.150838888888889
4096,0.356194444444444
4097,0.150533333333333
4100,0.194062698412698
4109,0.169144444444444
4125,0.154205555555555
4126,0.223342063492063
4134,0.2243
4138,0.222376984126984
4145,0.140784920634921
4150,0.0735365079365079
4152,0.164242857142857
4160,0.290842063492064
4163,0.405676190476191
4165,0.241218253968254
4174,0.304183333333333
4186,0.226634126984127
4187,0.313152380952381
4191,0.0865103174603174
4204,0.275235714285714
4208,0.124738095238095
4211,0.430051587301587
4212,0.113333333333333
4217,0.39996746031746
4225,0.164524603174603
4231,0.24686746031746
4233,0.264953174603175
4234,0.0860761904761905
4235,0.0953984126984127
4237,0.147405555555556
4238,0.218242063492063
4246,0.227820634920635
4252,0.174654761904762
4254,0.102749206349206
4255,0.296854761904762
4256,0.299418253968254
4262,0.305501921470342
4265,0.523413492063492
4267,0.23029126984127
4268,0.214362698412698
4271,0.304711904761905
4273,0.385046825396825
4277,0.323093650793651
4280,0.322674603174603
4284,0.356303968253968
4291,0.366073015873016
4298,0.321442063492064
4300,0.203707142857143
4301,0.23182619047619
4306,0.177794688644689
4311,0.157250793650794
4314,0.143177777777778
4324,0.219453968253968
4326,0.219890476190476
4329,0.247488095238095
4330,0.138253174603175
4337,0.204121428571429
4338,0.317079365079365
4341,0.170146031746032
4350,0.140349206349206
4352,0.258298412698413
4356,0.214229365079365
4360,0.224342857142857
4367,0.199223015873016
4375,0.296193650793651
4380,0.192177777777778
4383,0.277425396825397
4386,0.08865
4388,0.166103968253968
4406,0.176163492063492
4407,0.204953968253968
4410,0.320669047619048
4415,0.132109523809524
4418,0.345906349206349
4421,0.103259523809524
4423,0.262019841269841
4425,0.132207142857143
4429,0.36401746031746
4432,0.281780952380952
4434,0.216259523809524
4438,0.11698253968254
4441,0.123046825396825
4445,0.10012380952381
4447,0.163878571428571
4448,0.182026984126984
4453,0.516306349206349
4457,0.165142063492064
4461,0.212069841269841
4465,0.103956349206349
4472,0.212321428571429
4478,0.242461904761905
4479,0.160642857142857
4480,0.27839126984127
4481,0.101549206349206
4485,0.148905555555556
4489,0.355904761904762
4497,0.325740476190476
4502,0.239526984126984
4505,0.249319047619048
4506,0.305015873015873
4510,0.183701587301587
4511,0.146680952380952
4512,0.288260317460317
4513,0.0753031746031746
4515,0.23400873015873
4517,0.210930158730159
4518,0.150896031746032
4520,0.17725
4521,0.136573015873016
4522,0.15955
4526,0.247943650793651
4541,0.353006349206349
4548,0.301899206349206
4558,0.140251587301587
4563,0.253933333333333
4566,0.360954761904762
4567,0.146705555555556
4570,0.449903968253968
4572,0.170312698412698
4573,0.0685825396825397
4579,0.218727777777778
4584,0.223842063492064
4585,0.239034126984127
4587,0.15402619047619
4588,0.0892198412698413
4594,0.477372222222222
4595,0.302313492063492
4598,0.167959523809524
4600,0.179883333333333
4603,0.180712698412698
4604,0.209197619047619
4605,0.140657936507937
4608,0.266299206349206
4609,0.268027777777778
4612,0.30844126984127
4613,0.245961904761905
4614,0.195615873015873
4618,0.437148870912353
4622,0.351234126984127
4623,0.185380158730159
4625,0.283713492063492
4628,0.218265873015873
4636,0.363492857142857
4639,0.222560317460317
4640,0.311801587301587
4643,0.319705555555556
4648,0.147176984126984
4650,0.194449206349206
4652,0.252984126984127
4654,0.375406349206349
4655,0.076118253968254
4661,0.439063492063492
4670,0.485496031746032
4671,0.206138095238095
4683,0.170503174603175
4685,0.285896031746032
4688,0.147446825396825
4696,0.391844444444444
4705,0.120284920634921
4706,0.236130952380952
4709,0.306821428571429
4710,0.376961690880246
4711,0.224131746031746
4713,0.425823015873016
4715,0.372860317460317
4718,0.186242857142857
4719,0.143219841269841
4721,0.0772563492063492
4722,0.151461904761905
4723,0.100215873015873
4724,0.332184920634921
4734,0.167256349206349
4735,0.341465873015873
4739,0.20434126984127
4744,0.0693587301587301
4748,0.153783333333333
4749,0.148842857142857
4751,0.347634126984127
4753,0.159112698412698
4758,0.243631746031746
4762,0.166301587301587
4763,0.272428571428571
4768,0.0669238095238095
4769,0.13709126984127
4770,0.0687373015873016
4772,0.101163492063492
4773,0.152697619047619
4774,0.152822222222222
4775,0.219449206349206
4776,0.306203968253968
4777,0.289823015873016
4779,0.166992063492063
4782,0.477290476190476
4787,0.260605555555556
4789,0.366138095238095
4793,0.141803968253968
4799,0.101742857142857
4805,0.240600793650794
4811,0.146973015873016
4814,0.171997619047619
4815,0.162821428571429
4816,0.151021428571429
4817,0.163873015873016
4818,0.298744091503268
4823,0.205719047619048
4826,0.2226
4827,0.375792857142857
4829,0.212366666666667
4830,0.217837301587302
4833,0.275650793650794
4834,0.206298412698413
4836,0.101981746031746
4842,0.181948412698413
4849,0.147305555555556
4858,0.198829365079365
4859,0.0916555555555556
4864,0.0563190476190476
4865,0.0737333333333333
4868,0.226228571428571
4872,0.198796031746032
4875,0.251297619047619
4878,0.228330158730159
4882,0.0998214285714286
4897,0.176288095238095
4899,0.200797619047619
4901,0.329727777777778
4904,0.145654761904762
4908,0.211696031746032
4917,0.248188888888889
4920,0.366435714285714
4923,0.204689682539683
4931,0.11845873015873
4932,0.206634126984127
4933,0.298229365079365
4934,0.356466666666667
4935,0.138407142857143
4944,0.296096031746032
4947,0.300875396825397
4950,0.141048412698413
4954,0.0539460317460317
4955,0.180573015873016
4964,0.224627777777778
4967,0.166566666666667
4969,0.243896825396826
4971,0.414081746031746
4973,0.494184126984127
4976,0.176324603174603
4977,0.201866666666667
4982,0.187934126984127
4988,0.229777777777778
4999,0.340371428571428
5000,0.412511904761905
5005,0.36201746031746
5009,0.0625023809523809
5010,0.225471428571429
5011,0.220914285714286
5015,0.269813492063492
5018,0.246421428571429
5020,0.295403968253968
5023,0.0868055555555556
5024,0.0884126984126984
5030,0.137131746031746
5031,0.292764285714286
5042,0.418781746031746
5044,0.239492857142857
5046,0.29941746031746
5047,0.168373015873016
5048,0.231511111111111
5050,0.255444444444445
5051,0.0979380952380953
5053,0.173380158730159
5059,0.0722285714285714
5060,0.152928571428571
5065,0.127948412698413
5068,0.294251587301587
5076,0.136572222222222
5081,0.149398412698413
5082,0.154907142857143
5085,0.272249206349206
5092,0.245330952380952
5093,0.273910317460317
5099,0.375473015873016
5105,0.181052380952381
5107,0.244280158730159
5110,0.21649126984127
5111,0.177949206349206
5113,0.187805555555556
5114,0.216302380952381
5115,0.314618253968254
5116,0.270027777777778
5125,0.358657936507937
5126,0.13537619047619
5127,0.178145238095238
5128,0.0966460317460318
5130,0.201804761904762
5136,0.0789539682539682
5143,0.372899206349206
5146,0.41900873015873
5148,0.265155555555556
5153,0.120960317460318
5155,0.279457936507936
5156,0.112030158730159
5157,0.201483333333333
5160,0.14982619047619
5161,0.290525396825397
5164,0.190478571428571
5165,0.294734126984127
5177,0.375294444444444
5181,0.0878357142857143
5182,0.129377777777778
5183,0.247259523809524
5185,0.124270634920635
5187,0.118145238095238
5189,0.169539682539682
5193,0.265084920634921
5195,0.213649206349206
5197,0.0773587301587302
5198,0.0720571428571429
5203,0.144726190476191
5208,0.212376984126984
5209,0.179552380952381
5213,0.10957619047619
5214,0.286271428571429
5216,0.107927777777778
5217,0.187965873015873
5218,0.322904761904762
5224,0.071165873015873
5225,0.112519047619048
5234,0.119265079365079
5238,0.171953174603175
5246,0.203320634920635
5247,0.390824603174603
5248,0.153169841269841
5251,0.198969841269841
5253,0.19735873015873
5254,0.211870634920635
5255,0.357426984126984
5258,0.103418253968254
5259,0.184105555555556
5263,0.193680158730159
5265,0.117884920634921
5266,0.176462698412698
5267,0.184307142857143
5271,0.240629365079365
5272,0.210135714285714
5276,0.415980952380952
5279,0.164049206349206
5283,0.203442063492064
5287,0.245350793650794
5289,0.14922380952381
5290,0.133935714285714
5291,0.196460317460318
5293,0.222861111111111
5294,0.0885452380952381
5302,0.179961111111111
5303,0.303453968253968
5306,0.246153968253968
5307,0.208309523809524
5308,0.146336507936508
5323,0.271040476190476
5325,0.203258585858586
5331,0.216626984126984
5334,0.171850793650794
5337,0.286484920634921
5343,0.291696825396825
5357,0.27807380952381
5359,0.0862650793650794
5363,0.241869047619048
5370,0.15623253968254
5372,0.126596031746032
5385,0.0791769841269841
5386,0.0856507936507936
5388,0.23636746031746
5390,0.43672380952381
5394,0.0966730158730159
5397,0.252144444444444
5398,0.304922222222222
5399,0.139581746031746
5406,0.38808253968254
5409,0.182576190476191
5411,0.162611111111111
5415,0.18353253968254
5418,0.439635714285715
5419,0.244219047619048
5421,0.127469841269841
5424,0.154796031746032
5427,0.17797619047619
5429,0.252192063492064
5433,0.194623015873016
5437,0.120650793650794
5451,0.0895769841269841
5452,0.157301587301587
5454,0.150146031746032
5460,0.109121428571429
5461,0.193836507936508
5465,0.240826984126984
5466,0.2573
5468,0.241163492063492
5470,0.0846642857142857
5478,0.0633095238095238
5480,0.17888253968254
5482,0.177086507936508
5483,0.14575
5484,0.338033333333333
5485,0.209331746031746
5486,0.0971269841269841
5490,0.172784126984127
5494,0.134903968253968
5495,0.197569841269841
5498,0.450780598094909
5499,0.186686507936508
5504,0.22973253968254
5509,0.145877777777778
5510,0.260073015873016
5511,0.109880158730159
5512,0.138815873015873
5517,0.179792063492063
5534,0.208339682539683
5542,0.069415873015873
5545,0.27167619047619
5551,0.0431261904761905
5552,0.278501587301587
5556,0.123899206349206
5557,0.177154761904762
5558,0.137887301587302
5559,0.112907936507937
5564,0.141305555555556
5567,0.275285714285714
5570,0.150787301587302
5571,0.161869047619048
5579,0.119268253968254
5588,0.237105555555555
5590,0.318788888888889
5595,0.297676984126984
5597,0.0899865079365079
5599,0.423518253968254
5602,0.20783253968254
5606,0.259323015873016
5612,0.0364436507936508
5620,0.300284920634921
5623,0.0645801587301587
5627,0.220903174603175
5631,0.210881746031746
5640,0.10479126984127
5641,0.178128571428572
5644,0.257807936507936
5645,0.143447619047619
5648,0.137685714285714
5656,0.267015079365079
5658,0.155196825396825
5662,0.336593650793651
5667,0.152964285714286
5668,0.137770490620491
5671,0.159627777777778
5673,0.196715873015873
5674,0.233263492063492
5677,0.157737301587302
5681,0.123627777777778
5682,0.138607936507937
5683,0.18590873015873
5686,0.421145238095238
5688,0.442435714285714
5694,0.100729532163743
5695,0.199351587301587
5697,0.187676984126984
5700,0.295188095238095
5701,0.13332380952381
5702,0.222188888888889
5707,0.217334920634921
5709,0.278396031746032
5711,0.0987555555555556
5713,0.258093650793651
5717,0.307253968253968
5719,0.262302380952381
5720,0.0813484126984127
5724,0.0853714285714286
5725,0.0813896825396826
5728,0.0491626984126984
5731,0.159580952380952
5737,0.352170634920635
5741,0.172342857142857
5743,0.189261904761905
5750,0.0802507936507937
5755,0.11571746031746
5759,0.147276190476191
5761,0.064215873015873
5764,0.115788095238095
5766,0.178921428571429
5767,0.454857142857143
5770,0.19983253968254
5771,0.152578571428571
5772,0.184734920634921
5777,0.0694285714285714
5784,0.105304761904762
5789,0.400169841269841
5790,0.145635714285714
5799,0.315053968253968
5802,0.133989682539683
5806,0.155938095238095
5810,0.218560317460317
5811,0.194610317460318
5812,0.303926923076923
5822,0.0955007936507937
5824,0.132004761904762
5828,0.0763357142857143
5833,0.30278492063492
5835,0.359253174603175
5844,0.249796031746032
5845,0.113212698412698
5846,0.388834920634921
5847,0.313883333333333
5848,0.372978571428571
5855,0.229920634920635
5861,0.263533333333333
5863,0.0889888888888889
5870,0.0732761904761905
5877,0.252420634920635
5878,0.327710317460317
5880,0.27235873015873
5883,0.442297619047619
5885,0.351523015873016
5886,0.186538888888889
5889,0.177438888888889
5890,0.170492063492064
5892,0.134907142857143
5897,0.205080158730159
5901,0.173688095238095
5902,0.159811111111111
5903,0.202788888888889
5905,0.243526190476191
5910,0.281592063492064
5912,0.133395238095238
5915,0.222846031746032
5923,0.116976984126984
5925,0.31702380952381
5931,0.18723253968254
5932,0.280701587301587
5933,0.164797619047619
5934,0.214219841269841
5941,0.199652380952381
5943,0.311102380952381
5946,0.198989682539683
5947,0.483262698412699
5949,0.272994444444444
5950,0.445968253968254
5954,0.318730158730159
5959,0.206516666666667
5960,0.105384920634921
5967,0.252896825396825
5971,0.17132619047619
5972,0.20696746031746
5975,0.100992857142857
5978,0.175310317460318
5979,0.462071428571429
5981,0.257009523809524
5983,0.33050873015873
5985,0.157895238095238
5987,0.265315873015873
5992,0.134543650793651
5993,0.134138888888889
6000,0.285071428571428
6001,0.228392063492064
6007,0.141190476190476
6008,0.398789682539683
6009,0.222077777777778
6011,0.227784920634921
6019,0.253496825396825
6026,0.301696825396825
6028,0.230956349206349
6029,0.224094444444444
6030,0.256642063492064
6034,0.248904761904762
6047,0.0541293650793651
6055,0.16880873015873
6066,0.231426984126984
6067,0.294836507936508
6068,0.136683333333333
6070,0.288526984126984
6071,0.182088888888889
6078,0.13327619047619
6082,0.210592857142857
6083,0.0995777777777778
6086,0.315529365079365
6087,0.0505468253968254
6088,0.0459373015873016
6089,0.189534126984127
6096,0.141962698412698
6097,0.155861111111111
6098,0.300794444444445
6100,0.22448253968254
6107,0.0363650793650794
6111,0.118684920634921
6114,0.272971428571429
6115,0.0506333333333333
6116,0.158764285714286
6117,0.10907619047619
6120,0.204380952380952
6121,0.234856349206349
6123,0.104840476190476
6129,0.159563492063492
6131,0.115183333333333
6135,0.150139682539683
6140,0.0626555555555556
6141,0.0656873015873016
6142,0.188205555555556
6144,0.371688888888889
6152,0.244494444444444
6153,0.146553968253968
6155,0.1658
6164,0.215546825396825
6165,0.0699238095238095
6166,0.154955555555556
6171,0.155361904761905
6176,0.077602380952381
6178,0.204076984126984
6179,0.225159523809524
6180,0.0417269841269841
6190,0.169476984126984
6191,0.440488888888889
6197,0.260642063492063
6198,0.144770634920635
6202,0.117573015873016
6205,0.378945238095238
6207,0.364538095238095
6214,0.121088095238095
6215,0.162584126984127
6223,0.099868253968254
6228,0.126330952380952
6230,0.462262698412699
6232,0.247903174603175
6234,0.139200793650794
6240,0.170034126984127
6244,0.138553174603175
6245,0.334384920634921
6246,0.0337309523809524
6248,0.32828615819209
6252,0.121434126984127
6255,0.211148412698413
6256,0.320194444444444
6258,0.0908936507936508
6267,0.196593650793651
6274,0.306580952380952
6275,0.241039682539683
6280,0.169359523809524
6287,0.264507142857143
6292,0.244430158730159
6294,0.128124603174603
6296,0.170696031746032
6297,0.34995
6299,0.264200793650794
6304,0.212489682539683
6305,0.132440476190476
6310,0.0871126984126984
6313,0.142269841269841
6316,0.199284126984127
6324,0.172494444444445
6326,0.187798412698413
6328,0.263498412698413
6331,0.133488095238095
6340,0.0759
6341,0.257246825396825
6342,0.109878571428571
6349,0.27269126984127
6353,0.332433333333334
6354,0.279738095238095
6355,0.250002380952381
6357,0.328153968253968
6359,0.0689531746031746
6363,0.166819841269841
6374,0.233088095238095
6381,0.238099206349206
6383,0.25795
6385,0.229061904761905
6386,0.234572222222222
6387,0.236388095238095
6388,0.0973198412698413
6389,0.35404126984127
6392,0.323195238095238
6393,0.352352380952381
6396,0.138447619047619
6398,0.239293650793651
6403,0.207729365079365
6404,0.202442063492064
6405,0.308185714285714
6406,0.0501420634920635
6408,0.244685714285714
6416,0.217921428571429
6417,0.339394444444444
6419,0.0833404761904762
6420,0.231614285714286
6424,0.37000873015873
6426,0.196331746031746
6427,0.0516507936507936
6429,0.0728452380952381
6431,0.276349206349206
6433,0.182544444444445
6436,0.23308253968254
6437,0.211266316922249
6439,0.393174879227053
6447,0.409911111111111
6451,0.204276190476191
6452,0.073268253968254
6455,0.344120634920635
6456,0.149990476190476
6460,0.283284920634921
6461,0.200168253968254
6463,0.118038095238095
6464,0.166785714285714
6469,0.114779365079365
6471,0.0454412698412698
6474,0.206888095238095
6475,0.426338095238095
6479,0.113813492063492
6481,0.381904761904762
6484,0.133674603174603
6488,0.166807142857143
6491,0.0426285714285714
6492,0.372446031746032
6493,0.122449206349206
6496,0.180228571428571
6500,0.0941388888888889
6501,0.177835714285714
6502,0.25257380952381
6505,0.130907142857143
6508,0.0822579365079365
6511,0.154972222222222
6515,0.0806111111111112
6522,0.0782706349206349
6530,0.134806349206349
6532,0.216524603174603
6536,0.108996031746032
6538,0.0868111111111111
6539,0.182436507936508
6541,0.288895238095238
6545,0.0740198412698413
6546,0.191792063492064
6554,0.151768253968254
6557,0.437104229901699
6558,0.330663492063492
6559,0.20774126984127
6560,0.133524603174603
6562,0.130607142857143
6564,0.143746031746032
6565,0.301079365079365
6569,0.376934920634921
6571,0.297701587301587
6572,0.293111111111111
6574,0.282349206349206
6578,0.325340476190476
6583,0.341742857142857
6599,0.467729365079365
6602,0.119203174603175
6603,0.176684126984127
6605,0.11073253968254
6610,0.141066666666667
6619,0.165002380952381
6620,0.432530952380952
6622,0.250850793650794
6624,0.32467380952381
6626,0.266809642341785
6635,0.122101587301587
6638,0.201524603174603
6640,0.166853968253968
6643,0.192205555555556
6649,0.0679952380952381
6651,0.0819698412698413
6653,0.354047619047619
6657,0.162929365079365
6666,0.394602380952381
6667,0.133180158730159
6669,0.160552380952381
6671,0.333238095238095
6673,0.271686507936508
6675,0.252059523809524
6680,0.192712698412698
6687,0.172505555555556
6688,0.10518253968254
6693,0.233131746031746
6694,0.480795238095238
6699,0.217102380952381
6703,0.148710317460317
6705,0.38670873015873
6707,0.11012380952381
6709,0.191547619047619
6715,0.193571428571429
6716,0.313479365079365
6719,0.152607142857143
6720,0.200111904761905
6724,0.389654761904762
6728,0.138
6735,0.34055
6738,0.16025873015873
6740,0.430729365079365
6743,0.319138095238095
6744,0.263813492063492
6746,0.31313984962406
6748,0.158712698412698
6752,0.254602380952381
6760,0.158715079365079
6761,0.206580952380952
6763,0.271264285714286
6764,0.240792857142857
6765,0.0377936507936508
6773,0.129268253968254
6776,0.128284920634921
6780,0.0674873015873016
6781,0.193054761904762
6782,0.268851587301587
6783,0.184271428571428
6784,0.175896031746032
6785,0.25650873015873
6788,0.315743926846101
6790,0.211874603174603
6798,0.512269841269841
6800,0.168887301587302
6801,0.318670634920635
6804,0.110726984126984
6812,0.276701587301587
6813,0.104425396825397
6814,0.0735126984126984
6818,0.200415873015873
6831,0.227572222222222
6835,0.214855555555556
6836,0.24019126984127
6837,0.15495873015873
6845,0.148224094701469
6847,0.0844825396825397
6849,0.458414285714286
6853,0.110109523809524
6854,0.391869841269841
6856,0.247223809523809
6859,0.185763492063492
6860,0.0668928571428571
6867,0.348670634920635
6868,0.13539126984127
6876,0.206227777777778
6878,0.1832
6884,0.083415873015873
6888,0.164362698412698
6891,0.199397619047619
6892,0.283465079365079
6894,0.0377373015873016
6896,0.132018253968254
6900,0.131665079365079
6903,0.166388888888889
6910,0.159612698412698
6913,0.194527777777778
6916,0.198809523809524
6918,0.245169841269841
6919,0.210229365079365
6924,0.269090476190476
6927,0.12225
6929,0.151776984126984
6931,0.397149206349206
6933,0.153188095238095
6934,0.0647301587301587
6937,0.234920634920635
6940,0.24329126984127
6947,0.206102380952381
6948,0.127004761904762
6949,0.0678531746031746
6953,0.239365873015873
6956,0.114772222222222
6957,0.272109523809524
6961,0.399513492063492
6963,0.30825873015873
6974,0.190348412698413
6975,0.295042063492063
6977,0.212465079365079
6986,0.131786507936508
6988,0.149639682539683
6994,0.161096825396825
7000,0.161934126984127
7005,0.32168414293309
7007,0.151635714285714
7009,0.129113492063492
7019,0.170757936507937
7021,0.18893253968254
7040,0.215715079365079
7041,0.322586507936508
7043,0.0595714285714286
7045,0.0647698412698413
7051,0.498516666666667
7056,0.367078571428571
7063,0.250114285714286
7064,0.315827777777778
7074,0.29067619047619
7075,0.498613492063492
7076,0.470648412698413
7079,0.109119047619048
7082,0.179919841269841
7083,0.264273015873016
7085,0.204492063492064
7087,0.170876984126984
7089,0.33914126984127
7091,0.403192857142857
7093,0.137264285714286
7097,0.167340476190476
7102,0.338030952380952
7103,0.224193650793651
7105,0.149261111111111
7111,0.0740253968253968
7113,0.21895873015873
7118,0.131268253968254
7119,0.047168253968254
7128,0.142346031746032
7129,0.211164285714286
7131,0.147354761904762
7132,0.0391769841269841
7144,0.22732619047619
7146,0.114446031746032
7148,0.346057142857143
7152,0.125394444444444
7154,0.0989071428571429
7163,0.0544238095238095
7164,0.209271428571429
7165,0.217252380952381
7169,0.0683603174603175
7170,0.323000793650794
7172,0.12840873015873
7174,0.164833333333333
7175,0.217504761904762
7177,0.184021428571429
7180,0.294812698412698
7181,0.14465
7182,0.147665873015873
7183,0.104620634920635
7186,0.268368253968254
7187,0.183183333333333
7190,0.127984920634921
7195,0.120387301587302
7202,0.243770634920635
7204,0.387765079365079
7208,0.138412698412698
7209,0.268868253968254
7212,0.281612698412698
7213,0.308284920634921
7217,0.143953968253968
7230,0.131973809523809
7232,0.23905873015873
7233,0.0897047619047619
7234,0.0595412698412699
7240,0.14228253968254
7243,0.357832439671594
7245,0.244275396825397
7247,0.226310317460318
7248,0.2776
7257,0.0641206349206349
7258,0.0809230158730159
7259,0.403289682539683
7265,0.112850793650794
7267,0.180921428571429
7268,0.179311904761905
7271,0.275518253968254
7273,0.16576746031746
7281,0.328285714285714
7292,0.186092063492063
7299,0.0938825396825397
7302,0.124294444444444
7305,0.270579365079365
7312,0.23181746031746
7314,0.161230158730159
7318,0.211142063492064
7324,0.0743880952380952
7327,0.169164285714286
7328,0.161275396825397
7329,0.415650793650794
7334,0.318475396825397
7340,0.232242857142857
7344,0.069115873015873
7351,0.0999825396825397
7355,0.274587301587301
7358,0.264353174603175
7360,0.160546825396825
7362,0.171523809523809
7365,0.266877777777778
7366,0.178407936507937
7367,0.174315873015873
7368,0.191488888888889
7370,0.22245
7371,0.0815309523809524
7373,0.136437301587302
7383,0.0591095238095238
7384,0.233424603174603
7385,0.263389682539683
7396,0.17655
7398,0.178050793650794
7399,0.0442365079365079
7403,0.121252380952381
7406,0.0816753968253968
7408,0.0413769841269841
7409,0.0973952380952382
7411,0.221661111111111
7414,0.105464285714286
7417,0.299827777777778
7426,0.218990476190476
7427,0.186979365079365
7429,0.455979365079365
7430,0.129202380952381
7434,0.0786944444444445
7437,0.168226984126984
7441,0.17071746031746
7443,0.180253174603175
7447,0.38164126984127
7448,0.178869047619048
7455,0.322904761904762
7467,0.270344444444444
7472,0.057197619047619
7482,0.301749206349206
7484,0.0667166666666667
7485,0.274542063492063
7486,0.191621428571428
7487,0.271469047619048
7488,0.0988587301587302
7489,0.137698412698413
7494,0.43275873015873
7498,0.149299206349206
7506,0.407194444444445
7507,0.350703968253968
7508,0.161644444444444
7509,0.122675396825397
7510,0.0709436507936508
7512,0.216838095238095
7520,0.141233333333333
7528,0.267821428571428
7529,0.231426984126984
7532,0.0450753968253968
7533,0.418721428571428
7539,0.0948539682539683
7543,0.251655555555555
7546,0.0155
7554,0.320855555555556
7557,0.0588444444444444
7561,0.1253
7563,0.0650634920634921
7565,0.214311111111111
7566,0.0723555555555555
7574,0.142907936507937
7579,0.18597619047619
7586,0.0865642857142857
7587,0.259524603174603
7591,0.221673015873016
7594,0.330702380952381
7598,0.38825873015873
7604,0.2875
7605,0.157507142857143
7611,0.159907142857143
7615,0.195845238095238
7618,0.211900793650794
7620,0.135611904761905
7625,0.157165873015873
7628,0.235834126984127
7631,0.122838095238095
7632,0.170316666666667
7637,0.072834126984127
7640,0.233934126984127
7642,0.178116666666667
7644,0.10164126984127
7646,0.164540476190476
7651,0.186448412698413
7653,0.406526984126984
7655,0.0691230158730159
7658,0.226896825396825
7659,0.186724603174603
7663,0.165265079365079
7677,0.145561111111111
7679,0.222234126984127
7683,0.191353174603175
7685,0.285286507936508
7690,0.171621428571429
7699,0.105089682539683
7703,0.147084920634921
7705,0.202288095238095
7706,0.147246825396825
7712,0.303162698412698
7719,0.248216666666667
7721,0.116029365079365
7723,0.268446825396826
7725,0.223269047619048
7733,0.239019841269841
7737,0.256446825396826
7739,0.17989126984127
7740,0.1824
7741,0.389394444444444
7745,0.266664285714286
7747,0.212875396825397
7753,0.231062071846282
7754,0.324879365079365
7755,0.332871428571429
7756,0.10957619047619
7758,0.211368253968254
7764,0.386387236329675
7774,0.137615079365079
7780,0.119685714285714
7786,0.433720634920635
7789,0.0924373015873016
7793,0.228246825396825
7795,0.119703968253968
7796,0.3052
7807,0.121273015873016
7808,0.0320761904761905
7809,0.29493253968254
7811,0.0925619047619048
7815,0.0656555555555556
7818,0.266530158730159
7819,0.254931746031746
7824,0.117919841269841
7826,0.139112698412698
7827,0.145886507936508
7831,0.110409523809524
7832,0.227773015873016
7834,0.0875992063492063
7838,0.0428619047619048
7841,0.280788888888889
7843,0.109022222222222
7847,0.186762698412698
7849,0.386480952380952
7850,0.177988095238095
7851,0.0704269841269841
7855,0.096268253968254
7859,0.110053174603175
7864,0.0752857142857143
7865,0.0437547619047619
7867,0.20286746031746
7869,0.180568253968254
7875,0.155039682539683
7877,0.311565144806461
7883,0.162205555555556
7884,0.316321428571429
7887,0.058931746031746
7888,0.1672
7890,0.0996746031746032
7898,0.218683333333333
7899,0.0534365079365079
7901,0.210581746031746
7905,0.257638888888889
7908,0.308105566297385
7909,0.326559523809524
7912,0.379592063492063
7917,0.189692063492063
7919,0.256880952380953
7921,0.244915873015873
7923,0.0793936507936508
7926,0.127447619047619
7927,0.0942
7928,0.176072222222222
7929,0.283338095238095
7935,0.16050873015873
7940,0.242894444444445
7942,0.257053174603175
7943,0.0786071428571429
7953,0.310930158730159
7955,0.105973453749316
7958,0.253497619047619
7961,0.16059126984127
7967,0.318250793650794
7973,0.39617619047619
7974,0.254437301587302
7977,0.209955555555556
7980,0.141001587301587
7984,0.340226984126984
7988,0.0980746031746032
7990,0.186919841269841
7996,0.0735523809523809
7999,0.229496031746032
8004,0.109023015873016
8015,0.315509523809524
8016,0.206996031746032
8018,0.0940650793650794
8019,0.244265873015873
8023,0.0832817460317461
8025,0.262390476190476
8028,0.206998412698413
8030,0.185963492063492
8031,0.162904761904762
8035,0.10088253968254
8039,0.260049206349206
8040,0.128752380952381
8042,0.179654761904762
8043,0.0589920634920635
8045,0.377926984126984
8057,0.182819047619048
8058,0.362192857142857
8061,0.0565936507936508
8063,0.379838888888889
8064,0.225245238095238
8065,0.174855555555556
8068,0.231096825396825
8070,0.193595238095238
8071,0.0631785714285714
8077,0.27628253968254
8081,0.368592857142857
8085,0.235029365079365
8092,0.267369841269841
8093,0.115766666666667
8109,0.238661904761905
8111,0.41582619047619
8112,0.364456349206349
8117,0.497423015873016
8122,0.17477380952381
8123,0.30905
8126,0.0281079365079365
8133,0.146642857142857
8134,0.20670873015873
8140,0.192234920634921
8142,0.181438095238095
8148,0.179330952380952
8151,0.0585079365079365
8153,0.10726746031746
8155,0.244365873015873
8156,0.0951603174603174
8157,0.220073015873016
8167,0.108293650793651
8169,0.209230952380952
8174,0.141334126984127
8179,0.150088095238095
8181,0.144846031746032
8186,0.0926976190476191
8189,0.401431746031746
8190,0.190746825396825
8194,0.146975396825397
8195,0.370103174603175
8197,0.104637301587302
8198,0.0566246031746032
8202,0.249638888888889
8204,0.119200793650794
8206,0.250776984126984
8211,0.108203174603175
8214,0.252415079365079
8215,0.0593753968253968
8216,0.073818253968254
8219,0.223103174603175
8222,0.189303174603175
8225,0.4102
8228,0.268925396825397
8233,0.283656349206349
8239,0.140293650793651
8240,0.0699301587301587
8243,0.251257936507936
8244,0.189237301587302
8246,0.0772015873015873
8251,0.118996031746032
8252,0.211424603174603
8257,0.430001587301587
8258,0.189743650793651
8259,0.187687301587302
8264,0.265715079365079
8265,0.148136507936508
8268,0.313738888888889
8269,0.521913492063492
8290,0.0874007936507936
8291,0.481326190476191
8292,0.529264285714286
8297,0.253203968253968
8298,0.307180952380952
8307,0.190584126984127
8308,0.29882380952381
8311,0.0586293650793651
8314,0.328307142857143
8324,0.102428571428571
8327,0.0409071428571429
8329,0.0695150793650794
8336,0.440307936507937
8338,0.0769904761904762
8345,0.176153174603175
8346,0.108544444444444
8347,0.178278571428572
8348,0.0596103174603175
8349,0.335046031746032
8350,0.246237301587302
8351,0.241757142857143
8353,0.490976190476191
8361,0.326999206349206
8364,0.12501746031746
8365,0.0802309523809524
8369,0.0722214285714285
8372,0.391389577999052
8375,0.0511023809523809
8380,0.271898412698413
8382,0.36772380952381
8383,0.336003968253968
8389,0.100575396825397
8399,0.331113492063492
8405,0.0638722222222222
8409,0.27121746031746
8414,0.123957936507936
8416,0.237094444444444
8418,0.347876984126984
8423,0.0909944444444444
8424,0.196616666666667
8425,0.19027380952381
8434,0.158755555555556
8450,0.136576984126984
8455,0.210492063492064
8458,0.489100793650794
8459,0.279465079365079
8460,0.416423015873016
8461,0.266492857142857
8472,0.373711904761905
8473,0.269061111111111
8474,0.263134126984127
8475,0.316893650793651
8477,0.195596825396825
8479,0.309113492063492
8487,0.244576190476191
8490,0.19937619047619
8491,0.365268253968254
8495,0.108112698412698
8502,0.334173809523809
8505,0.111729365079365
8508,0.177298412698413
8511,0.397081746031746
8513,0.357146825396825
8520,0.0929547619047619
8527,0.196957142857143
8533,0.0551730158730159
8535,0.0750436507936508
8538,0.317435714285714
8539,0.396892857142857
8540,0.318124603174603
8542,0.184569841269841
8545,0.116184126984127
8548,0.458187301587302
8550,0.0478357142857143
8553,0.0982595238095238
8554,0.115806349206349
8555,0.0547777777777778
8556,0.0560412698412698
8557,0.212525396825397
8559,0.230775396825397
8560,0.344877777777778
8563,0.301839682539683
8568,0.271179365079365
8576,0.276413492063492
8577,0.134088095238095
8581,0.296815873015873
8585,0.240549206349206
8589,0.0718984126984127
8590,0.0492468253968254
8595,0.215516666666667
8596,0.116046825396825
8599,0.457313492063492
8602,0.139037301587302
8608,0.220652380952381
8612,0.195833333333333
8617,0.213753174603175
8620,0.190442063492064
8621,0.347479365079365
8624,0.0372087301587302
8625,0.284647619047619
8630,0.202290476190476
8633,0.209747619047619
8634,0.428296825396825
8635,0.40261746031746
8636,0.276114285714286
8640,0.292034920634921
8642,0.314703968253968
8649,0.127496031746032
8651,0.171295238095238
8654,0.335738888888889
8662,0.251611904761905
8663,0.317542063492063
8666,0.241580952380952
8668,0.114548412698413
8673,0.106588888888889
8675,0.100685714285714
8678,0.0873444444444445
8683,0.067263492063492
8689,0.154174603174603
8693,0.306169841269841
8694,0.208851587301587
8696,0.200603968253968
8697,0.177872222222222
8700,0.170311904761905
8701,0.334316666666667
8702,0.398698412698413
8712,0.259379365079365
8714,0.324854761904762
8715,0.227388095238095
8717,0.229511111111111
8724,0.0584507936507937
8725,0.0318738095238095
8728,0.156906349206349
8729,0.336035714285714
8732,0.186104761904762
8733,0.198284126984127
8736,0.0433023809523809
8741,0.107703968253968
8742,0.10615
8743,0.253459523809524
8745,0.203923015873016
8749,0.239787301587302
8750,0.227363492063492
8752,0.241630158730159
8753,0.0624801587301587
8758,0.256957142857143
8760,0.406299206349206
8762,0.330103968253968
8766,0.16193253968254
8767,0.0606134920634921
8774,0.146006349206349
8776,0.131376984126984
8778,0.0912134920634921
8779,0.192474603174603
8780,0.273762698412698
8785,0.215172222222222
8786,0.0517071428571428
8792,0.140015079365079
8795,0.56800873015873
8803,0.221255555555556
8804,0.19676746031746
8810,0.282360317460317
8815,0.234839682539683
8822,0.353526984126984
8825,0.0266907731992318
8826,0.13683253968254
8827,0.316492063492063
8838,0.315098412698413
8839,0.171270634920635
8841,0.0521023809523809
8842,0.207888888888889
8843,0.209492857142857
8847,0.306353968253968
8855,0.0750769841269841
8858,0.251384920634921
8861,0.352861111111111
8864,0.0253349206349206
8869,0.0944619047619047
8875,0.0599468253968254
8885,0.22104126984127
8886,0.198384126984127
8892,0.289992857142857
8907,0.0364579365079365
8909,0.152838888888889
8912,0.0618920634920635
8921,0.349797619047619
8925,0.143150793650794
8929,0.461877777777778
8934,0.0881222222222222
8935,0.190123809523809
8937,0.159109523809524
8938,0.173786507936508
8942,0.122422222222222
8944,0.20546746031746
8954,0.139890476190476
8963,0.0739944444444445
8964,0.257498412698413
8965,0.0488992063492063
8972,0.0971468253968254
8973,0.0708777777777778
8977,0.142990476190476
8986,0.304503174603175
8989,0.413077777777778
8994,0.0980119047619048
9000,0.11173253968254
9005,0.132629365079365
9006,0.107634920634921
9012,0.246571428571429
9013,0.132705555555556
9016,0.0834428571428572
9018,0.139984126984127
9020,0.222398412698413
9022,0.0637666666666667
9025,0.120200793650794
9030,0.499878571428571
9039,0.274110317460317
9042,0.247607142857143
9044,0.343007936507936
9046,0.0341920634920635
9047,0.334646825396826
9048,0.129465873015873
9051,0.156235714285714
9061,0.140796825396825
9065,0.189461111111111
9066,0.359834126984127
9072,0.0785960317460318
9075,0.061147619047619
9076,0.286963492063492
9081,0.227756349206349
9083,0.183584126984127
9086,0.243979365079365
9087,0.345103968253968
9093,0.192053174603175
9096,0.0690523809523809
9100,0.332549206349206
9113,0.43575
9119,0.26389126984127
9123,0.135134920634921
9124,0.0477793650793651
9125,0.439946031746032
9126,0.208388888888889
9128,0.2627
9131,0.241336507936508
9132,0.14944126984127
9134,0.215631746031746
9135,0.173648412698413
9149,0.126626190476191
9151,0.175859523809524
9152,0.12485873015873
9162,0.190331746031746
9163,0.342198412698413
9172,0.195838888888889
9174,0.169790476190476
9178,0.257955555555556
9179,0.373489682539683
9183,0.376020634920635
9193,0.0576777777777778
9194,0.148211904761905
9196,0.143337301587302
9198,0.216188095238095
9201,0.15774126984127
9203,0.365057142857143
9212,0.244249206349206
9213,0.12445873015873
9214,0.232385714285714
9215,0.385739682539682
9218,0.242400793650794
9219,0.291419841269841
9220,0.145957936507937
9222,0.33502619047619
9228,0.160540476190476
9235,0.189506349206349
9238,0.162080158730159
9239,0.325498412698413
9247,0.124580158730159
9253,0.23843253968254
9256,0.119879365079365
9261,0.0930809523809524
9265,0.239321428571429
9270,0.318144444444444
9275,0.254484920634921
9277,0.221510317460317
9281,0.355033333333333
9282,0.280555555555556
9284,0.324589682539683
9288,0.158880952380952
9296,0.209111111111111
9298,0.155947619047619
9310,0.373257142857143
9311,0.120953968253968
9314,0.127776984126984
9319,0.196169047619048
9326,0.143442063492063
9331,0.364619047619047
9333,0.199044444444445
9335,0.17576746031746
9337,0.173759523809524
9343,0.176646825396825
9347,0.297320634920635
9348,0.250384126984127
9349,0.179630158730159
9355,0.0475388888888889
9357,0.254924603174603
9360,0.112680952380952
9362,0.143885714285714
9367,0.160257936507936
9368,0.387233333333333
9369,0.233598412698413
9371,0.340819047619048
9372,0.305702380952381
9379,0.277109523809524
9381,0.109211111111111
9382,0.221169841269841
9384,0.206143650793651
9388,0.154546031746032
9391,0.097179365079365
9395,0.12895
9398,0.333700793650794
9401,0.324166666666666
9409,0.257044444444444
9414,0.158134126984127
9417,0.109394444444444
9422,0.146815079365079
9423,0.0952769841269841
9425,0.103577777777778
9433,0.104990476190476
9434,0.121454761904762
9436,0.227448412698413
9438,0.121640476190476
9439,0.0419396825396825
9446,0.39974126984127
9447,0.189435714285714
9462,0.289265079365079
9463,0.255954761904762
9469,0.25331746031746
9482,0.143868903318903
9484,0.142915873015873
9487,0.413070634920635
9492,0.400970238095238
9494,0.246151587301587
9496,0.427540476190476
9503,0.303148412698413
9507,0.0735428571428572
9508,0.261312071846282
9509,0.24109126984127
9513,0.290373809523809
9516,0.165206349206349
9527,0.164899206349206
9528,0.275929365079365
9531,0.359530952380952
9533,0.148836507936508
9538,0.155763492063492
9540,0.0303063492063492
9541,0.222784126984127
9542,0.340995238095238
9549,0.259442063492064
9555,0.337094444444444
9559,0.0466238095238095
9561,0.26281746031746
9563,0.218874603174603
9566,0.145293650793651
9569,0.0721753968253968
9572,0.0665547619047619
9575,0.261098412698413
9579,0.193638888888889
9580,0.200623565323565
9581,0.123780952380952
9584,0.0197015873015873
9587,0.197194444444444
9588,0.125547619047619
9589,0.298133333333333
9590,0.312783333333333
9592,0.260413492063492
9595,0.176393650793651
9596,0.164513492063492
9597,0.284630952380952
9604,0.12513253968254
9605,0.121815079365079
9609,0.31353492063492
9610,0.170557936507937
9611,0.193884920634921
9621,0.17663253968254
9622,0.276921428571429
9629,0.220222222222222
9632,0.0811007936507936
9636,0.29258253968254
9643,0.155149206349206
9647,0.266689682539683
9648,0.187911111111111
9652,0.509392063492063
9653,0.114648412698413
9654,0.126434126984127
9660,0.144974603174603
9662,0.280318253968254
9665,0.304480158730159
9666,0.175696031746032
9668,0.29437619047619
9673,0.281354761904762
9674,0.144922222222222
9679,0.251777777777778
9682,0.188311111111111
9689,0.340938888888889
9691,0.305673015873016
9692,0.204145238095238
9702,0.233473009807499
9704,0.204807142857143
9705,0.236730158730159
9709,0.363242063492064
9712,0.188803174603175
9713,0.272129365079365
9717,0.214703968253968
9718,0.074384126984127
9723,0.357559523809524
9726,0.121538888888889
9727,0.16292380952381
9728,0.198873015873016
9735,0.23726746031746
9738,0.183038888888889
9740,0.157074603174603
9741,0.0690571428571428
9749,0.107481746031746
9751,0.318759523809524
9752,0.244321428571429
9754,0.138084126984127
9757,0.191615079365079
9758,0.059484126984127
9763,0.0360769841269841
9769,0.157274603174603
9773,0.116225396825397
9777,0.151934126984127
9778,0.239538888888889
9784,0.115197619047619
9786,0.265074603174603
9793,0.286626984126984
9796,0.147471428571429
9797,0.306509523809524
9800,0.0927277777777778
9804,0.284626190476191
9808,0.091068253968254
9810,0.363922222222222
9811,0.0535992063492063
9812,0.30751746031746
9813,0.0265984126984127
9818,0.0628944444444444
9827,0.138542063492064
9831,0.088
9832,0.373250793650794
9836,0.119607142857143
9839,0.117438095238095
9840,0.281415873015873
9841,0.0808333333333333
9844,0.0684761904761905
9847,0.37154126984127
9848,0.227303968253968
9849,0.223462698412698
9850,0.0761484126984127
9852,0.2587
9857,0.0349587301587302
9865,0.372780158730159
9870,0.561156349206349
9879,0.381659523809524
9883,0.234052380952381
9887,0.384238888888889
9891,0.207653968253968
9892,0.21636746031746
9895,0.19025873015873
9900,0.345547619047619
9902,0.201924603174603
9903,0.0653007936507937
9904,0.401773809523809
9908,0.41770873015873
9915,0.11475
9918,0.3689
9919,0.196922222222222
9923,0.320645238095238
9924,0.351869841269841
9928,0.249212698412698
9937,0.194381746031746
9941,0.079581746031746
9943,0.25255873015873
9944,0.394033333333333
9945,0.148931746031746
9947,0.100595238095238
9950,0.209138095238095
9953,0.235142857142857
9954,0.224634126984127
9959,0.310083333333333
9960,0.0687809523809524
9961,0.206373015873016
9970,0.0613531746031746
9972,0.0683587301587302
9973,0.13306746031746
9977,0.2248
9979,0.251783333333333
9985,0.181668253968254
9988,0.125566666666667
9989,0.31154126984127
9997,0.477616666666667
9999,0.0502
10004,0.112502380952381
10006,0.0479071428571428
10010,0.181953968253968
10015,0.201846031746032
10016,0.213105555555556
10019,0.24475
10021,0.173473015873016
10022,0.131348412698413
10023,0.237528571428571
10031,0.249028571428571
10035,0.249530158730159
10039,0.138921428571429
10040,0.0900015873015873
10041,0.134525396825397
10043,0.214528571428571
10047,0.0219674603174603
10050,0.325938823839987
10053,0.128618253968254
10062,0.247546031746032
10063,0.289775396825397
10069,0.139461904761905
10072,0.195384126984127
10075,0.110472222222222
10078,0.0789150793650794
10080,0.151703968253968
10081,0.352938095238095
10084,0.215096825396825
10088,0.181083333333333
10092,0.164677777777778
10094,0.069652380952381
10101,0.259965079365079
10103,0.399303174603174
10109,0.161353968253968
10110,0.320413492063492
10111,0.171523015873016
10116,0.0707571428571429
10123,0.0777571428571429
10124,0.161669841269841
10126,0.0848920634920635
10127,0.135911111111111
10129,0.233084126984127
10130,0.213029365079365
10140,0.19519126984127
10148,0.330956349206349
10150,0.307061660561661
10152,0.155265873015873
10155,0.107780952380952
10166,0.202914285714286
10167,0.136646825396825
10171,0.476630952380953
10175,0.243779365079365
10179,0.22531746031746
10184,0.226500793650794
10188,0.0919738095238096
10190,0.191490476190476
10193,0.101106349206349
10194,0.15939126984127
10195,0.0517166666666667
10200,0.288263492063492
10201,0.115960317460317
10203,0.149178571428571
10211,0.143804761904762
10213,0.196339682539683
10218,0.206801587301587
10220,0.481043650793651
10224,0.144342857142857
10227,0.237371428571429
10229,0.358616666666667
10230,0.0496140092868158
10232,0.193130158730159
10235,0.428451587301587
10238,0.279736363636364
10244,0.405716666666667
10247,0.390496825396825
10249,0.201946031746032
10251,0.222577777777778
10252,0.093534126984127
10254,0.43207619047619
10259,0.309085714285715
10263,0.194545238095238
10264,0.29534126984127
10272,0.324485714285714
10275,0.430565079365079
10283,0.254780952380952
10286,0.092986507936508
10287,0.190955555555556
10290,0.0811023809523809
10294,0.236247619047619
10297,0.0473420634920635
10301,0.290289682539683
10307,0.199515873015873
10308,0.151499206349206
10319,0.171643650793651
10320,0.18824126984127
10325,0.191401587301587
10326,0.324978571428571
10327,0.107478571428571
10328,0.139523015873016
10329,0.117543650793651
10334,0.0920031746031746
10344,0.188873015873016
10346,0.0533825396825397
10349,0.213252025062657
10354,0.173860317460317
10355,0.282064285714286
10359,0.15361746031746
10364,0.250176190476191
10365,0.0949206349206349
10377,0.181713492063492
10383,0.0752857142857143
10385,0.30558253968254
10388,0.229131746031746
10390,0.104101587301587
10394,0.143388888888889
10397,0.253830492898914
10401,0.024597619047619
10414,0.0840087301587302
10417,0.171615079365079
10419,0.0982309523809524
10420,0.307660317460317
10421,0.529498412698413
10428,0.48589126984127
10436,0.088002380952381
10438,0.160416666666667
10439,0.289209523809524
10442,0.0591920634920635
10443,0.17757619047619
10444,0.105487301587302
10447,0.187462698412698
10449,0.0587523809523809
10452,0.12535873015873
10459,0.228665873015873
10460,0.142442063492064
10461,0.200766666666667
10467,0.337904761904762
10469,0.335772222222222
10470,0.288939682539683
10480,0.222202380952381
10483,0.0644634920634921
10485,0.158880952380952
10488,0.108329365079365
10489,0.272369841269841
10491,0.358714285714286
10497,0.142834126984127
10500,0.176204761904762
10501,0.166919047619048
10504,0.217446031746032
10508,0.0543865079365079
10510,0.0872984126984127
10512,0.151235714285714
10526,0.10885
10528,0.201323015873016
10537,0.466433333333333
10541,0.388579365079365
10544,0.377416666666667
10550,0.324369841269841
10551,0.181657142857143
10557,0.379559523809524
10560,0.171076984126984
10561,0.0734150793650794
10562,0.168731746031746
10563,0.10015873015873
10565,0.0490888888888889
10568,0.0821222222222222
10575,0.074670634920635
10576,0.30892619047619
10578,0.156283333333333
10584,0.290496825396826
10587,0.399748412698413
10588,0.267390476190476
10592,0.476396825396825
10593,0.0880617755250856
10600,0.290142857142857
10601,0.295046031746032
10606,0.282790476190476
10608,0.133537301587302
10614,0.0503865079365079
10618,0.169776984126984
10622,0.144599206349206
10624,0.183487301587302
10625,0.220295238095238
10633,0.234323015873016
10637,0.214460317460317
10639,0.430548412698412
10641,0.11737619047619
10643,0.0838373015873016
10645,0.087920634920635
10648,0.411596031746032
10649,0.347476984126984
10658,0.405131746031746
10663,0.0853674603174603
10668,0.219130158730159
10670,0.20465873015873
10671,0.169731746031746
10672,0.5314
10681,0.22325873015873
10682,0.0762055555555556
10686,0.0234325396825397
10689,0.236951587301587
10691,0.101469047619048
10693,0.108027777777778
10700,0.291237301587302
10703,0.306713492063492
10707,0.312055555555555
10709,0.227156349206349
10711,0.224157142857143
10713,0.289342857142857
10715,0.214310317460317
10720,0.318687950937951
10723,0.107472222222222
10729,0.458077777777778
10730,0.0940293650793651
10732,0.132314285714286
10733,0.0926396825396825
10742,0.147407142857143
10747,0.292469841269841
10748,0.185197619047619
10749,0.336368253968254
10752,0.0955753968253968
10760,0.216940476190476
10761,0.168564285714286
10762,0.430464285714286
10763,0.452161904761905
10765,0.13535873015873
10768,0.291653174603175
10770,0.299051587301587
10772,0.3661
10774,0.132662698412698
10782,0.0683722222222222
10787,0.0919650793650794
10791,0.224634920634921
10792,0.185879365079365
10800,0.243697619047619
10801,0.116887301587302
10811,0.120542063492063
10828,0.140544444444444
10838,0.0676873015873016
10840,0.197743650793651
10841,0.185157936507937
10843,0.134177777777778
10845,0.142455555555556
10846,0.11538253968254
10849,0.140396825396825
10851,0.242129365079365
10854,0.182533333333333
10855,0.26003253968254
10862,0.206001587301587
10863,0.0858246031746031
10864,0.119365079365079
10867,0.401953968253968
10886,0.35338253968254
10887,0.107197619047619
10890,0.28140873015873
10891,0.1693
10892,0.248276984126984
10898,0.204715873015873
10900,0.18753253968254
10902,0.296392063492063
10907,0.160384920634921
10908,0.146542063492063
10910,0.158977777777778
10915,0.104084126984127
10916,0.0894706349206349
10917,0.241834920634921
10922,0.464146031746032
10926,0.111965873015873
10935,0.223680952380952
10938,0.0429261882189947
10947,0.342711904761905
10950,0.266653968253968
10958,0.248449206349206
10964,0.0510896825396825
10965,0.369737301587302
10968,0.33222380952381
10969,0.178612698412698
10970,0.206579365079365
10972,0.249546825396825
10979,0.309412698412698
10981,0.278048412698413
10982,0.115296825396825
10994,0.0745142857142857
10995,0.146433333333333
10997,0.382619047619048
10998,0.169227777777778
11001,0.0668912698412698
11004,0.115003174603175
11005,0.448455555555555
11010,0.129003174603175
11017,0.119276190476191
11018,0.146361904761905
11019,0.0411134920634921
11024,0.129683333333333
11026,0.516063492063492
11028,0.216472222222222
11030,0.332016666666667
11034,0.499304761904762
11035,0.258616666666666
11036,0.233752380952381
11039,0.195118253968254
11040,0.282376984126984
11043,0.385419841269841
11044,0.214136507936508
11048,0.204738888888889
11055,0.351975396825397
11058,0.222096825396825
11062,0.29948253968254
11063,0.290295238095238
11064,0.0553634920634921
11070,0.133845238095238
11071,0.140071428571429
11078,0.134404761904762
11080,0.145021428571429
11083,0.0726420634920635
11090,0.209163492063492
11092,0.311835714285714
11094,0.301976984126984
11099,0.0629666666666667
11100,0.0422944444444444
11102,0.0766666666666667
11107,0.267449206349207
11110,0.0191746031746032
11113,0.0999984126984127
11114,0.395625396825397
11118,0.290403174603175
11119,0.203387301587302
11129,0.407060317460318
11133,0.19082380952381
11137,0.391483333333333
11139,0.161338888888889
11140,0.502010317460318
11141,0.0234166666666667
11142,0.171392063492063
11146,0.193819047619048
11160,0.132607142857143
11164,0.340552380952381
11181,0.084181746031746
11185,0.0992746031746031
11187,0.200242857142857
11189,0.149405555555556
11195,0.488251587301587
11200,0.0520674603174603
11202,0.0608103174603175
11204,0.249546825396825
11208,0.24417619047619
11209,0.30990873015873
11210,0.0841706349206349
11214,0.310971428571429
11217,0.527695238095238
11221,0.139701587301587
11223,0.208963492063492
11225,0.202532731963599
11227,0.177929365079365
11234,0.122306349206349
11239,0.188680952380952
11249,0.306631746031746
11251,0.114566666666667
11254,0.224845238095238
11260,0.096615873015873
11262,0.295528571428571
11264,0.361073015873016
11268,0.244520634920635
11269,0.314329365079365
11273,0.371455555555556
11274,0.227684776334776
11288,0.314199062049062
11291,0.278715873015873
11292,0.344888095238095
11301,0.123537301587302
11306,0.250481746031746
11307,0.0269150793650794
11313,0.294869841269841
11314,0.395464285714286
11317,0.226556349206349
11318,0.368586507936508
11319,0.160739682539683
11320,0.478611904761905
11322,0.256265079365079
11330,0.185376984126984
11331,0.199525396825397
11337,0.0800650793650793
11341,0.131843650793651
11342,0.271061111111111
11347,0.25465
11351,0.344289682539682
11354,0.186681746031746
11360,0.425904761904762
11361,0.079031746031746
11362,0.237766666666667
11363,0.0751222222222222
11366,0.261556349206349
11369,0.0912063492063492
11373,0.22583253968254
11374,0.216127777777778
11376,0.141880952380952
11385,0.0872206349206349
11389,0.247678571428571
11390,0.126028571428571
11397,0.138207142857143
11404,0.45905
11407,0.245907142857143
11409,0.391215079365079
11413,0.276864285714286
11414,0.23257619047619
11425,0.263483333333333
11434,0.238772222222222
11441,0.146688095238095
11443,0.0783968253968254
11445,0.476572222222222
11446,0.135523015873016
11448,0.0700373015873016
11455,0.183739682539683
11458,0.0730388888888889
11459,0.357509523809524
11463,0.313426984126984
11468,0.301873015873016
11470,0.0631253968253968
11471,0.497265079365079
11473,0.249899206349206
11476,0.334751515151515
11477,0.120236507936508
11481,0.0909198412698413
11486,0.449603174603175
11497,0.158788095238095
11507,0.185801587301587
11510,0.0427333333333333
11512,0.197369047619048
11519,0.0646015873015873
11521,0.10625
11523,0.312484126984127
11524,0.413163492063492
11525,0.280419047619048
11529,0.0578309523809524
11531,0.286719841269841
11532,0.0548968253968254
11533,0.0990134920634921
11537,0.14962380952381
11538,0.0926896825396826
11544,0.18105
11552,0.0567753968253968
11559,0.153406349206349
11562,0.0767547619047619
11563,0.109530952380952
11566,0.0936476190476191
11567,0.271256349206349
11568,0.259702380952381
11572,0.112399206349206
11573,0.222950793650794
11577,0.0360809523809524
11580,0.172398412698413
11584,0.148859523809524
11585,0.0656484126984127
11590,0.062018253968254
11593,0.035881746031746
11594,0.234064285714286
11595,0.135539682539683
11600,0.141746031746032
11601,0.150743650793651
11602,0.0778761904761905
11604,0.256140476190476
11606,0.120942857142857
11617,0.137969841269841
11621,0.304572222222222
11622,0.12579126984127
11624,0.182299206349206
11625,0.257184126984127
11626,0.201239682539682
11630,0.135440476190476
11631,0.0999373015873016
11633,0.128515079365079
11636,0.513404761904762
11637,0.287355874225843
11648,0.311234920634921
11654,0.283153968253968
11661,0.131061904761905
11663,0.335684126984127
11665,0.235084920634921
11670,0.366813492063492
11673,0.0913603174603175
11674,0.0244126984126984
11679,0.219840476190476
11686,0.0522055555555555
11687,0.0833984126984127
11695,0.365655627705628
11698,0.239096031746032
11703,0.138703968253968
11708,0.12827380952381
11712,0.076415873015873
11713,0.0640285714285714
11714,0.244873015873016
11715,0.393865079365079
11716,0.201244444444445
11719,0.410080952380952
11725,0.0946285714285715
11726,0.125940476190476
11729,0.119546031746032
11734,0.232840476190476
11736,0.419795238095238
11740,0.198580158730159
11745,0.173486507936508
11747,0.0431468253968254
11749,0.0983547619047619
11751,0.212093650793651
11752,0.0628769841269841
11755,0.0698333333333333
11766,0.147037301587302
11767,0.182535714285714
11770,0.143984920634921
11772,0.169876984126984
11774,0.124875396825397
11785,0.148565873015873
11790,0.351780952380953
11793,0.124556349206349
11794,0.128719047619048
11797,0.262818253968254
11802,0.217204761904762
11805,0.288569047619048
11808,0.423523809523809
11813,0.296236507936508
11816,0.15518253968254
11822,0.202926190476191
11824,0.351872222222222
11830,0.0927984126984127
11831,0.275414285714286
11832,0.298353968253968
11834,0.264178571428572
11842,0.160901587301587
11846,0.276589682539683
11847,0.330615079365079
11848,0.137427777777778
11849,0.289795238095238
11850,0.256364285714286
11856,0.0738539682539683
11857,0.119279365079365
11858,0.0414634920634921
11869,0.129493650793651
11872,0.349361111111111
11882,0.0290190476190476
11888,0.236180952380952
11889,0.115334920634921
11890,0.273880158730159
11894,0.295763492063492
11900,0.054668253968254
11901,0.246777777777778
11904,0.262579365079365
11905,0.219453968253968
11908,0.353661111111111
11911,0.188250793650794
11914,0.209589682539682
11917,0.374965873015873
11921,0.286542063492064
11923,0.251157936507937
11924,0.241338095238095
11927,0.288251587301587
11931,0.395188888888889
11935,0.168572222222222
11937,0.332175396825397
11943,0.223122222222222
11951,0.107042857142857
11952,0.106790476190476
11960,0.181000793650794
11961,0.219350793650794
11962,0.317821428571429
11963,0.165951587301587
11969,0.570865079365079
11970,0.38350873015873
11971,0.264607936507937
11972,0.130114285714286
11974,0.25970873015873
11975,0.117488095238095
11980,0.119146031746032
11986,0.164609523809524
11987,0.0451452380952381
11988,0.197260317460318
11990,0.221576984126984
11993,0.218436507936508
12001,0.0852523809523809
12006,0.27686746031746
12008,0.346119047619048
12013,0.108773015873016
12016,0.186987301587302
12017,0.210581746031746
12019,0.306080952380953
12020,0.224388888888889
12021,0.381471428571428
12024,0.164201587301587
12025,0.220006349206349
12031,0.281411111111111
12035,0.279687301587302
12038,0.44133253968254
12040,0.169180158730159
12046,0.186061111111111
12049,0.248315079365079
12050,0.0680880952380953
12051,0.313988888888889
12053,0.352922222222222
12054,0.226929365079365
12059,0.107357142857143
12061,0.218254761904762
12066,0.124730952380952
12074,0.169495238095238
12075,0.228869841269841
12078,0.378722222222222
12080,0.216638095238095
12081,0.303769841269841
12082,0.128515873015873
12085,0.0453825396825397
12086,0.223268253968254
12088,0.194094444444444
12095,0.279692857142857
12096,0.0754619047619047
12098,0.307985714285714
12106,0.174998412698413
12108,0.305322222222222
12112,0.391387301587302
12114,0.279173015873016
12115,0.139779365079365
12128,0.11136746031746
12133,0.319133333333333
12140,0.315259523809524
12150,0.229997619047619
12152,0.0911111111111112
12158,0.246815873015873
12161,0.0338611111111111
12162,0.192676984126984
12163,0.0985984126984128
12164,0.0997
12166,0.177285714285714
12168,0.211536507936508
12169,0.248560317460317
12172,0.0832690476190476
12178,0.313622222222222
12186,0.209696031746032
12187,0.113783333333333
12188,0.167280952380952
12192,0.258906349206349
12201,0.272416666666667
12209,0.0454333333333333
12211,0.361844444444444
12214,0.0490007936507936
12215,0.0833388888888889
12216,0.171903968253968
12217,0.0947007936507936
12223,0.11349126984127
12227,0.0480777777777778
12228,0.249276984126984
12230,0.369958069461939
12235,0.360836507936508
12237,0.330778571428572
12245,0.502681746031746
12246,0.210034920634921
12247,0.399016666666667
12248,0.201553968253968
12253,0.131690476190476
12256,0.0839817460317461
12257,0.249624603174603
12258,0.24730873015873
12259,0.146712698412698
12263,0.229642857142857
12266,0.0819761904761905
12268,0.1351
12273,0.138404761904762
12274,0.2927
12275,0.16954126984127
12277,0.0524420634920635
12278,0.276224603174603
12281,0.203696825396826
12287,0.0657103174603175
12290,0.119883333333333
12296,0.316076984126984
12302,0.237334126984127
12303,0.0909428571428572
12310,0.0842380952380953
12315,0.209043650793651
12317,0.0691626984126984
12322,0.164100793650794
12323,0.210261111111111
12327,0.119580158730159
12329,0.134298412698413
12330,0.298423015873016
12331,0.14183253968254
12334,0.107986507936508
12338,0.13290873015873
12346,0.157684920634921
12347,0.0559801587301587
12353,0.121598412698413
12357,0.23230873015873
12358,0.164806731243222
12359,0.386947619047619
12368,0.458878571428571
12372,0.210038095238095
12373,0.172611904761905
12378,0.235962698412698
12379,0.278603174603175
12384,0.337260317460317
12391,0.23288253968254
12392,0.251626190476191
12395,0.270107142857143
12398,0.152903968253968
12399,0.448638095238095
12400,0.142996825396825
12405,0.199388888888889
12415,0.165447619047619
12416,0.0908801587301587
12420,0.146961904761905
12424,0.352943650793651
12425,0.298018253968254
12430,0.21596746031746
12431,0.0746142857142857
12432,0.0417912698412698
12437,0.126194444444444
12440,0.123851587301587
12443,0.0482396825396825
12444,0.164557142857143
12451,0.098234126984127
12458,0.20047380952381
12461,0.0701396825396825
12463,0.432405555555555
12466,0.054765873015873
12469,0.125015873015873
12470,0.184479365079365
12482,0.261100793650794
12483,0.0812690476190476
12484,0.113178571428571
12490,0.344673015873016
12495,0.147327777777778
12498,0.324449206349206
12508,0.109131746031746
12517,0.463024603174603
12524,0.142185714285714
12525,0.481603174603175
12528,0.273415079365079
12531,0.256377777777778
12534,0.146796031746032
12535,0.515642857142857
12536,0.0921833333333334
12537,0.224313492063492
12539,0.0815714285714286
12542,0.214678571428572
12543,0.29792380952381
12547,0.294289682539683
12549,0.348423809523809
12551,0.117207936507936
12554,0.0874357142857143
12557,0.102754761904762
12563,0.332396031746032
12564,0.26917380952381
12565,0.0966214285714286
12567,0.34142619047619
12569,0.150962698412698
12570,0.111134920634921
12575,0.178423015873016
12577,0.297482319127832
12578,0.11957380952381
12581,0.184130158730159
12584,0.0783285714285714
12587,0.34277619047619
12597,0.279340476190476
12603,0.216595238095238
12605,0.369618253968254
12606,0.219468253968254
12618,0.459696031746032
12619,0.251309523809524
12621,0.126099206349206
12625,0.328365079365079
12632,0.334264285714286
12644,0.294010317460318
12646,0.31408253968254
12650,0.318213492063492
12653,0.213435714285714
12666,0.438673809523809
12675,0.286059523809524
12677,0.202606349206349
12678,0.106480952380952
12682,0.34280910594666
12687,0.134318253968254
12688,0.242510317460318
12689,0.224857142857143
12696,0.192055555555555
12699,0.11209126984127
12701,0.0829071428571429
12709,0.124336507936508
12711,0.165066666666667
12716,0.124799206349206
12718,0.21514126984127
12719,0.155279365079365
12720,0.165304761904762
12721,0.138411904761905
12722,0.147912974465148
12725,0.148974603174603
12728,0.119392063492064
12731,0.158242063492064
12733,0.112738888888889
12734,0.0707880952380952
12740,0.108316666666667
12741,0.163746031746032
12742,0.0478373015873016
12745,0.170934126984127
12749,0.0667563492063492
12752,0.109388888888889
12756,0.110930158730159
12758,0.111288095238095
12759,0.0949968253968254
12766,0.115759523809524
12783,0.393188095238095
12784,0.261434920634921
12785,0.220665079365079
12788,0.150364285714286
12789,0.27936746031746
12790,0.425454761904762
12791,0.372584126984127
12792,0.0898857142857143
12796,0.183728571428571
12800,0.333934126984127
12804,0.262680158730159
12806,0.329816666666667
12807,0.188096031746032
12812,0.0468309523809524
12818,0.166786507936508
12819,0.170528571428571
12821,0.118303968253968
12823,0.297503968253968
12826,0.0857
12829,0.229485714285714
12832,0.25102619047619
12833,0.128394444444444
12838,0.13025
12839,0.138505555555556
12840,0.172977777777778
12846,0.0898674603174603
12848,0.0628626984126984
12858,0.257771428571429
12860,0.13602380952381
12861,0.222344444444445
12862,0.19081746031746
12863,0.396156349206349
12865,0.200794444444444
12866,0.145689682539683
12868,0.0744587301587302
12871,0.330813492063492
12881,0.114114285714286
12895,0.159557936507937
12898,0.141085714285714
12899,0.380072222222222
12901,0.257902380952381
12902,0.407865873015873
12904,0.318016666666667
12909,0.155151587301587
12913,0.395393650793651
12914,0.352269047619048
12917,0.160207142857143
12923,0.280755555555555
12924,0.182202380952381
12926,0.141364285714286
12944,0.139157142857143
12951,0.485443650793651
12961,0.0764365079365079
12964,0.178407936507936
12969,0.108466666666667
12973,0.412311111111111
12975,0.428298412698413
12980,0.154604761904762
12984,0.062167125238964
12985,0.228949206349206
12990,0.368942857142857
12992,0.209968253968254
12998,0.176384126984127
12999,0.102803968253968
13001,0.280004761904762
13005,0.189627777777778
13006,0.122289682539683
13007,0.206519047619048
13020,0.403879365079365
13021,0.183828571428571
13033,0.0680269841269841
13037,0.197026190476191
13042,0.297265873015873
13048,0.179468253968254
13049,0.0727777777777778
13051,0.390851587301587
13056,0.185910317460318
13058,0.0895698412698413
13059,0.239803968253968
13060,0.0907896825396825
13062,0.130178571428571
13065,0.0649190476190476
13067,0.261923015873016
13071,0.13586746031746
13074,0.158469841269841
13075,0.147484126984127
13077,0.129195238095238
13079,0.35416507936508
13080,0.308336507936508
13081,0.333253968253968
13086,0.209979365079365
13092,0.0865444444444444
13094,0.43016746031746
13096,0.292253968253968
13099,0.488123015873016
13103,0.319522222222222
13105,0.149264285714286
13118,0.184423015873016
13120,0.129854761904762
13121,0.158038095238095
13122,0.0491444444444444
13125,0.202680952380952
13128,0.0324698412698413
13132,0.278750793650794
13135,0.093868253968254
13140,0.287019841269841
13142,0.149916666666667
13147,0.0779007936507937
13148,0.13882619047619
13151,0.259634126984127
13156,0.23415873015873
13157,0.0791507936507937
13159,0.0549031746031746
13161,0.380050793650794
13166,0.311722222222222
13167,0.120494444444444
13170,0.215250793650794
13172,0.345877777777778
13174,0.221207142857143
13176,0.513002380952381
13177,0.071
13178,0.0484833333333333
13181,0.212434126984127
13182,0.379749206349207
13185,0.136207142857143
13187,0.100444444444444
13188,0.0764007936507936
13189,0.147087301587302
13191,0.117580952380952
13193,0.340315873015873
13196,0.318379365079365
13197,0.279269047619048
13201,0.248593650793651
13206,0.279306349206349
13210,0.228535714285714
13212,0.0853333333333333
13214,0.337785714285714
13217,0.114035714285714
13218,0.178535714285714
13220,0.132076984126984
13221,0.0212611111111111
13223,0.231371428571429
13224,0.177270634920635
13226,0.136349206349206
13230,0.219155555555556
13231,0.336519047619048
13236,0.150937301587302
13239,0.448664285714285
13240,0.225160317460318
13251,0.113989682539683
13252,0.0382626984126984
13254,0.227227777777778
13257,0.137334126984127
13259,0.142075396825397
13260,0.353461904761905
13265,0.155576984126984
13269,0.0591690476190476
13270,0.537121428571429
13280,0.204619841269841
13290,0.237649206349206
13293,0.202247619047619
13295,0.208696031746032
13296,0.214838095238095
13309,0.183231746031746
13310,0.101760317460317
13311,0.0719579365079365
13320,0.254760317460318
13326,0.336812698412698
13331,0.232838095238095
13334,0.30765873015873
13335,0.353898412698413
13336,0.22831746031746
13337,0.221478571428571
13338,0.145619841269841
13341,0.278321428571429
13342,0.315445238095238
13345,0.130626190476191
13346,0.266186507936508
13348,0.181788095238095
13350,0.213638888888889
13352,0.0556468253968254
13353,0.142661111111111
13355,0.422714285714286
13358,0.254297619047619
13360,0.247835714285714
13363,0.316449206349206
13364,0.40056746031746
13365,0.269192857142857
13366,0.0995388888888889
13371,0.357727777777778
13373,0.369653968253968
13379,0.385460317460317
13387,0.152846031746032
13390,0.350803174603175
13397,0.271179365079365
13401,0.132920634920635
13402,0.11731746031746
13411,0.437853174603174
13414,0.128953174603175
13417,0.320880952380952
13426,0.156838888888889
13430,0.112442857142857
13431,0.274822222222222
13432,0.234728571428571
13434,0.0450119047619048
13440,0.333489682539683
13445,0.136566666666667
13448,0.137888095238095
13449,0.232542857142857
13452,0.111937301587302
13453,0.149453174603174
13455,0.109226984126984
13457,0.122875396825397
13465,0.186280952380952
13467,0.110829365079365
13470,0.0497436507936508
13472,0.295714285714286
13473,0.175662698412698
13478,0.128148412698413
13495,0.0889404761904762
13504,0.240212698412698
13506,0.153803174603175
13508,0.132613492063492
13511,0.0395293650793651
13515,0.131201587301587
13518,0.334723015873016
13519,0.12008253968254
13522,0.255951587301587
13523,0.184122222222222
13527,0.127166666666667
13528,0.165895238095238
13531,0.0466674603174603
13534,0.140086507936508
13536,0.058047619047619
13537,0.335862698412698
13539,0.169323015873016
13542,0.0641833333333333
13548,0.461660317460317
13552,0.212761111111111
13553,0.248301587301587
13557,0.211389682539682
13563,0.207500793650794
13570,0.201183333333333
13582,0.30170873015873
13584,0.128446031746032
13592,0.0360349206349206
13594,0.480192857142857
13595,0.0986031746031746
13597,0.121474603174603
13599,0.22595
13603,0.175218253968254
13612,0.136988095238095
13613,0.217861111111111
13614,0.388131746031746
13617,0.0851198412698413
13619,0.175251587301587
13620,0.20261746031746
13622,0.0914746031746032
13624,0.0761976190476191
13631,0.295066666666667
13632,0.274594444444444
13636,0.129719841269841
13639,0.136922222222222
13641,0.0313730158730159
13645,0.268671428571429
13652,0.118575396825397
13655,0.276442063492063
13656,0.0899119047619047
13660,0.286842063492064
13667,0.255311111111111
13669,0.440643650793651
13674,0.0909960317460318
13676,0.356789682539682
13683,0.0978769841269842
13687,0.456777777777778
13688,0.210261111111111
13690,0.0692746031746032
13693,0.27855873015873
13694,0.465565873015873
13696,0.150980952380952
13698,0.221575396825397
13699,0.197451587301587
13703,0.111465079365079
13704,0.17244126984127
13707,0.175540476190476
13709,0.161653174603175
13713,0.278454761904762
13720,0.140765079365079
13724,0.364933333333333
13725,0.239888888888889
13726,0.198919841269841
13727,0.189995238095238
13731,0.233792063492063
13732,0.204489682539683
13733,0.293194444444444
13736,0.149784126984127
13742,0.215130158730159
13746,0.340660317460318
13750,0.175581746031746
13751,0.304534126984127
13759,0.356902380952381
13773,0.194851587301587
13777,0.186596825396825
13779,0.288896825396825
13780,0.296725396825397
13785,0.20847619047619
13788,0.298579365079365
13791,0.244174603174603
13794,0.0756095238095238
13797,0.312562698412698
13799,0.193446031746032
13803,0.0645
13805,0.0442825396825397
13806,0.154215873015873
13810,0.357640476190476
13813,0.175496307798482
13815,0.0230238095238095
13817,0.362146031746032
13820,0.085318253968254
13822,0.135592063492063
13826,0.216047619047619
13827,0.0970357142857143
13828,0.205139682539683
13829,0.472480952380952
13833,0.143797619047619
13834,0.227153968253968
13839,0.178916666666667
13842,0.259984920634921
13843,0.209251587301587
13844,0.345557142857143
13846,0.306431746031746
13848,0.27833253968254
13849,0.0642198412698413
13856,0.254439682539683
13857,0.142985714285714
13862,0.272383333333333
13863,0.254202380952381
13864,0.20225873015873
13870,0.0835349206349206
13877,0.384197619047619
13878,0.228688888888889
13884,0.087818253968254
13892,0.150418253968254
13894,0.0329333333333333
13896,0.103079365079365
13897,0.250444444444444
13898,0.377307142857143
13899,0.104125396825397
13901,0.164509523809524
13903,0.149276984126984
13904,0.357279365079365
13910,0.105265079365079
13912,0.0826134920634921
13921,0.179719047619048
13922,0.120501587301587
13925,0.140251587301587
13927,0.123279365079365
13928,0.0791373015873016
13931,0.471286507936508
13933,0.413530952380952
13943,0.261393650793651
13946,0.0716269841269841
13949,0.208573809523809
13953,0.0420039682539682
13954,0.200619841269841
13963,0.081602380952381
13967,0.199745238095238
13971,0.274934126984127
13972,0.214357936507936
13974,0.0503793650793651
13979,0.0994611111111112
13988,0.220310317460317
13989,0.265561111111111
13990,0.281447619047619
13991,0.140635714285714
13992,0.0327531746031746
14000,0.239674603174603
14003,0.263897619047619
14008,0.174963492063492
14011,0.12478253968254
14016,0.202238888888889
14021,0.216305555555556
14023,0.135877777777778
14028,0.363531746031746
14030,0.113843650793651
14032,0.158366666666667
14033,0.23849126984127
14035,0.126365873015873
14036,0.307245238095238
14037,0.0785801587301588
14040,0.36429126984127
14047,0.214384126984127
14056,0.146274603174603
14057,0.182092857142857
14058,0.0845928571428571
14059,0.315742063492064
14068,0.179483333333333
14071,0.103307142857143
14076,0.215121428571429
14082,0.156765079365079
14084,0.208754617604618
14085,0.141739682539683
14088,0.260571428571429
14089,0.419246825396825
14092,0.383920634920635
14093,0.125906204906205
14094,0.17510303030303
14097,0.271272222222222
14100,0.110796825396825
14103,0.103439682539683
14109,0.216319047619048
14117,0.398138095238095
14118,0.166040476190476
14119,0.203934920634921
14120,0.234693650793651
14122,0.0774444444444445
14124,0.118283333333333
14129,0.126568253968254
14134,0.365823809523809
14136,0.442211904761905
14140,0.156946031746032
14141,0.0920976190476191
14154,0.170529365079365
14158,0.0325547619047619
14162,0.140381746031746
14163,0.135981746031746
14165,0.0884087301587301
14168,0.12291746031746
14169,0.265866666666667
14171,0.388155555555556
14172,0.226825396825397
14176,0.209063492063492
14178,0.0329769841269841
14181,0.278121428571429
14184,0.172529365079365
14186,0.102109523809524
14188,0.070615873015873
14189,0.156999206349206
14190,0.187431746031746
14191,0.127984920634921
14196,0.11191746031746
14199,0.392042857142857
14202,0.248834920634921
14204,0.210092063492063
14207,0.127961111111111
14211,0.253731684981685
14212,0.209988095238095
14217,0.51722619047619
14220,0.140151587301587
14221,0.427738095238095
14224,0.193231746031746
14226,0.129900793650794
14228,0.0837190476190476
14235,0.36898253968254
14242,0.229264285714286
14244,0.639880158730159
14247,0.181474603174603
14249,0.0598007936507937
14254,0.189646825396825
14255,0.223549535789158
14259,0.236356349206349
14261,0.21523253968254
14262,0.277978571428572
14263,0.272968253968254
14268,0.0557888888888889
14269,0.350700793650794
14273,0.250412698412699
14283,0.414530158730159
14285,0.0764579365079365
14287,0.169638095238095
14289,0.131774603174603
14291,0.464546031746032
14292,0.178640476190476
14295,0.168195238095238
14301,0.135315873015873
14302,0.0350698412698413
14307,0.140701587301587
14309,0.115837301587302
14310,0.352961904761905
14314,0.213075396825397
14318,0.167884920634921
14328,0.148902380952381
14333,0.0567912698412698
14334,0.112479365079365
14335,0.17924126984127
14337,0.239633333333333
14338,0.24886746031746
14342,0.274998412698413
14347,0.427572222222222
14351,0.0882968253968254
14352,0.418447619047619
14353,0.46355
14355,0.381270634920635
14356,0.228483333333333
14360,0.164763492063492
14362,0.30036105006105
14366,0.401757142857143
14375,0.299504761904762
14377,0.105077777777778
14381,0.053084126984127
14383,0.178192063492064
14384,0.158433333333333
14386,0.116873015873016
14390,0.16734126984127
14391,0.114399206349206
14395,0.078047619047619
14396,0.084334126984127
14408,0.139072222222222
14411,0.110833333333333
14416,0.299714285714286
14418,0.166004761904762
14419,0.116666666666667
14423,0.150661111111111
14425,0.0837849206349207
14435,0.0890951718706949
14439,0.184381746031746
14440,0.240789682539683
14444,0.275015873015873
14446,0.256703174603175
14447,0.180788888888889
14452,0.130142857142857
14453,0.191065079365079
14455,0.122740476190476
14457,0.185639682539683
14460,0.209534126984127
14461,0.245139055973267
14463,0.312512698412698
14468,0.111555555555556
14470,0.103227777777778
14471,0.331786507936508
14472,0.270362865497076
14474,0.318385714285714
14479,0.15819126984127
14480,0.329012121212121
14481,0.173311904761905
14485,0.187361111111111
14487,0.0557238095238095
14488,0.202328571428571
14489,0.190657936507936
14491,0.265619047619048
14494,0.120173015873016
14495,0.226762698412699
14499,0.037181746031746
14502,0.300969841269841
14504,0.20545873015873
14506,0.121704761904762
14509,0.214344444444444
14510,0.262811111111111
14512,0.172090476190476
14516,0.485980158730159
14522,0.198911904761905
14524,0.364137301587302
14526,0.0927611111111112
14527,0.107193650793651
14530,0.0520420634920635
14531,0.465680952380952
14534,0.236057142857143
14536,0.130863492063492
14537,0.279571428571429
14542,0.104953968253968
14544,0.586307142857143
14546,0.0548761904761905
14558,0.405287301587302
14560,0.114012698412698
14569,0.0357650793650794
14571,0.476828571428571
14573,0.147446825396825
14574,0.0559428571428571
14577,0.192488095238095
14584,0.220535714285714
14585,0.296931746031746
14586,0.117
14588,0.211489682539683
14589,0.258059523809524
14590,0.176407142857143
14591,0.143551587301587
14592,0.368028571428572
14593,0.315345238095238
14594,0.0570809523809524
14595,0.440761111111111
14599,0.533395238095238
14600,0.0591460317460318
14608,0.220984126984127
14609,0.274580952380952
14610,0.371264285714286
14611,0.104218253968254
14613,0.127564285714286
14615,0.248896825396825
14616,0.354192857142857
14619,0.176648412698413
14623,0.094984126984127
14628,0.285012698412698
14633,0.127968253968254
14636,0.15464126984127
14647,0.0679166666666667
14648,0.131823015873016
14649,0.02185
14654,0.201107936507937
14657,0.123539682539683
14658,0.12842380952381
14660,0.076015873015873
14664,0.346726984126984
14665,0.0383174603174603
14670,0.0474285714285714
14672,0.0784603174603175
14677,0.576759523809524
14679,0.115979365079365
14683,0.115757936507937
14690,0.0989309523809524
14702,0.162647619047619
14708,0.206568253968254
14709,0.078834126984127
14714,0.0917769841269842
14717,0.139128571428571
14726,0.129040476190476
14729,0.351612698412698
14732,0.17483253968254
14736,0.223016666666667
14737,0.484312698412698
14739,0.164365079365079
14741,0.362030952380952
14742,0.283953174603175
14743,0.128653968253968
14744,0.500569841269841
14753,0.193088888888889
14755,0.146957142857143
14761,0.113761904761905
14769,0.10122380952381
14770,0.112488888888889
14776,0.358920634920635
14777,0.125577777777778
14778,0.115426984126984
14779,0.16990873015873
14781,0.277681746031746
14786,0.0925230158730159
14792,0.319231746031746
14794,0.417086507936508
14796,0.245820634920635
14798,0.425850793650794
14800,0.286353968253968
14801,0.27342619047619
14802,0.3094
14808,0.225788888888889
14812,0.311846031746032
14813,0.0949538239538239
14814,0.135019841269841
14817,0.39893031358885
14821,0.205223015873016
14822,0.279829365079365
14826,0.415643650793651
14842,0.193002548036758
14843,0.366537301587302
14850,0.318385714285714
14854,0.119497619047619
14864,0.392572222222222
14870,0.0330388888888889
14871,0.125820634920635
14872,0.341570634920635
14873,0.13130873015873
14881,0.133654761904762
14884,0.14439126984127
14888,0.122770634920635
14902,0.232815873015873
14909,0.161669841269841
14915,0.11968253968254
14923,0.211769047619048
14927,0.537194444444444
14929,0.0785857142857143
14934,0.26759126984127
14936,0.351205555555555
14944,0.355970634920635
14946,0.181915079365079
14948,0.154694444444444
14949,0.164429365079365
14951,0.167714285714286
14956,0.184311111111111
14959,0.0503087301587302
14963,0.265303968253968
14964,0.25915873015873
14965,0.355822222222222
14966,0.349340476190476
14974,0.270021428571429
14977,0.175657936507937
14980,0.32737619047619
14983,0.102469841269841
14988,0.128316666666667
14991,0.126538095238095
15001,0.654252380952381
15004,0.230896825396825
15006,0.194269047619048
15007,0.316216666666667
15008,0.228104761904762
15010,0.386952380952381
15022,0.428377777777778
15024,0.196686507936508
15026,0.391570634920635
15027,0.0473
15028,0.128930952380952
15034,0.193202380952381
15037,0.200311111111111
15038,0.136453174603175
15039,0.486756349206349
15048,0.494220634920635
15050,0.319409523809524
15056,0.164489682539682
15058,0.119556349206349
15059,0.139830952380952
15062,0.2252
15063,0.171142857142857
15064,0.254924603174603
15066,0.107119047619048
15067,0.0731571428571429
15068,0.0744373015873016
15069,0.243463492063492
15071,0.345447619047619
15072,0.166005555555556
15079,0.171634126984127
15085,0.0967642857142857
15086,0.121742063492064
15087,0.256623015873016
15088,0.0564126984126984
15089,0.113493650793651
15090,0.444151587301587
15092,0.304902380952381
15094,0.128019047619048
15099,0.219207936507936
15100,0.13385873015873
15106,0.19818253968254
15110,0.190269047619048
15115,0.205666666666667
15117,0.366353174603175
15118,0.537711111111111
15119,0.155268253968254
15121,0.049665873015873
15126,0.174901587301587
15129,0.245662698412698
15134,0.154430158730159
15135,0.182719047619048
15136,0.399128571428572
15137,0.35037619047619
15138,0.105284920634921
15141,0.239250793650794
15146,0.272589682539682
15148,0.270438095238095
15158,0.372784920634921
15159,0.186463492063492
15160,0.131627777777778
15164,0.248118253968254
15167,0.187167900356695
15168,0.219346031746032
15172,0.290057936507936
15174,0.200519047619048
15175,0.303522222222222
15176,0.451106349206349
15189,0.201178571428572
15190,0.0147190476190476
15191,0.146611904761905
15193,0.201634920634921
15196,0.0710626984126984
15201,0.131190476190476
15206,0.405863492063492
15210,0.329299206349206
15212,0.127051587301587
15216,0.0826777777777778
15218,0.234163492063492
15219,0.169207936507937
15226,0.17541746031746
15229,0.223883333333333
15230,0.106605555555556
15237,0.392061111111111
15238,0.265756349206349
15239,0.144928571428571
15244,0.233992857142857
15247,0.0402587301587302
15253,0.223876190476191
15256,0.453221428571429
15262,0.213644444444444
15266,0.0911531746031746
15269,0.118618253968254
15272,0.103618253968254
15273,0.0247714285714286
15288,0.405853968253968
15291,0.453886507936508
15292,0.177581746031746
15293,0.495096031746032
15300,0.467364285714286
15301,0.364998412698413
15303,0.225255555555556
15306,0.395073015873016
15307,0.146351587301587
15318,0.0667007936507936
15319,0.0775753968253968
15323,0.0358436507936508
15324,0.325015079365079
15326,0.313656349206349
15327,0.444864285714286
15334,0.291173015873016
15339,0.268975396825397
15343,0.206236507936508
15345,0.115615873015873
15349,0.225652380952381
15357,0.175837301587302
15360,0.281920634920635
15361,0.206609523809524
15363,0.123980158730159
15364,0.464435714285714
15366,0.271130158730159
15368,0.189546825396825
15381,0.0816253968253968
15383,0.0318206349206349
15385,0.325035714285714
15394,0.0749166666666667
15396,0.384807142857143
15398,0.147031746031746
15399,0.102139682539683
15406,0.229730952380952
15413,0.121978571428571
15415,0.214185714285714
15419,0.32772380952381
15422,0.144307936507937
15427,0.391761111111111
15428,0.115565873015873
15433,0.10722380952381
15434,0.393365873015873
15441,0.268018253968254
15443,0.227066666666667
15445,0.208360317460317
15450,0.123911111111111
15451,0.248111904761905
15452,0.0750515873015873
15453,0.162050793650794
15456,0.150059523809524
15457,0.105527777777778
15462,0.0982222222222223
15464,0.232003174603175
15465,0.0709087301587302
15466,0.379335714285714
15471,0.102888095238095
15473,0.160039682539683
15474,0.370374297924298
15476,0.296836385836386
15479,0.300262698412698
15481,0.128978571428571
15482,0.166414285714286
15488,0.220421428571429
15495,0.0322484126984127
15497,0.0461896825396825
15509,0.179934126984127
15511,0.228961111111111
15514,0.0251571428571429
15515,0.331875396825397
15517,0.201497619047619
15521,0.092086507936508
15522,0.243131746031746
15529,0.230316666666667
15530,0.197028571428572
15531,0.36620873015873
15536,0.364409523809524
15542,0.104776984126984
15544,0.26315873015873
15546,0.151275252525253
15552,0.132664285714286
15563,0.341301587301587
15565,0.0995666666666667
15567,0.524319841269841
15568,0.239523015873016
15569,0.342412698412699
15570,0.346706349206349
15571,0.281977777777778
15573,0.212428571428571
15574,0.371444444444444
15575,0.169997619047619
15577,0.155110317460318
15581,0.0674420634920635
15582,0.199587301587302
15588,0.23708253968254
15590,0.222492063492063
15591,0.0764738095238095
15593,0.0799190476190476
15595,0.229313492063492
15597,0.276271428571429
15603,0.142340476190476
15605,0.198928571428571
15606,0.0496492063492063
15607,0.10349126984127
15608,0.110639682539683
15610,0.236528571428571
15618,0.106709523809524
15619,0.0354984126984127
15624,0.179292857142857
15626,0.0455626984126984
15630,0.294441771094403
15631,0.218236507936508
15632,0.129649206349206
15633,0.13892619047619
15634,0.163821428571429
15635,0.0931555555555555
15642,0.304519047619048
15652,0.413405555555555
15657,0.258979365079365
15658,0.216142857142857
15665,0.223131746031746
15667,0.470124603174603
15673,0.348107936507937
15674,0.180309523809524
15675,0.326056349206349
15682,0.0843198412698413
15683,0.106526984126984
15686,0.050768253968254
15688,0.317995238095238
15689,0.114638095238095
15690,0.179138888888889
15704,0.123396031746032
15705,0.128931746031746
15712,0.285965079365079
15717,0.0698896825396826
15720,0.135364285714286
15728,0.403352380952381
15734,0.0378785103785104
15736,0.0728126984126984
15739,0.35879126984127
15743,0.175019841269841
15746,0.191895238095238
15751,0.322990476190476
15756,0.0874904761904762
15759,0.235869047619048
15760,0.161357936507937
15765,0.0689388888888889
15769,0.390246031746032
15770,0.409326984126984
15776,0.494374603174603
15784,0.0546309523809524
15785,0.391394444444444
15786,0.13162619047619
15787,0.22742380952381
15789,0.207965079365079
15794,0.0514785714285714
15796,0.0980150793650794
15798,0.156422222222222
15800,0.127822222222222
15801,0.300399206349206
15808,0.235646031746032
15809,0.0762984126984127
15814,0.169892063492064
15815,0.211303968253968
15816,0.112414285714286
15817,0.101013492063492
15818,0.307134126984127
15819,0.248192857142857
15824,0.323430158730159
15829,0.46885873015873
15835,0.126949206349206
15836,0.252430158730159
15841,0.182152380952381
15845,0.440642063492063
15846,0.188911904761905
15849,0.246912698412698
15850,0.227124603174603
15852,0.0658968253968254
15853,0.130396031746032
15855,0.454034920634921
15856,0.244433333333333
15857,0.152822222222222
15859,0.0580944444444444
15862,0.10077619047619
15875,0.218899206349206
15876,0.351902380952381
15879,0.164950793650794
15881,0.12866746031746
15882,0.203639682539683
15884,0.159006204906205
15886,0.281346031746032
15888,0.211667627401838
15893,0.31136746031746
15894,0.176969841269841
15898,0.172953968253968
15900,0.33066746031746
15901,0.24547619047619
15904,0.27043253968254
15916,0.0490396825396825
15918,0.231268253968254
15920,0.386053174603174
15926,0.082318253968254
15929,0.165949206349206
15931,0.206526190476191
15933,0.483173015873016
15935,0.185534126984127
15936,0.0694087301587302
15943,0.139584920634921
15946,0.237876984126984
15947,0.299280158730159
15964,0.138053968253968
15965,0.126094444444444
15966,0.256700793650794
15968,0.195138095238095
15970,0.0750611111111111
15971,0.255100793650794
15978,0.137335714285714
15987,0.0903190476190476
15990,0.243066666666667
15992,0.209707142857143
15998,0.116086507936508
16002,0.116551587301587
16003,0.191575396825397
16005,0.171919047619048
16006,0.0630563492063492
16014,0.0328634920634921
16015,0.0665071428571429
16018,0.494368253968254
16021,0.155892002442002
16022,0.0700817460317461
16031,0.253213492063492
16046,0.250614285714286
16053,0.110113492063492
16058,0.164284126984127
16061,0.101329365079365
16063,0.10485873015873
16081,0.203880158730159
16082,0.461865873015873
16083,0.208192857142857
16084,0.181661111111111
16086,0.34504025974026
16089,0.255703968253968
16091,0.476207936507937
16097,0.341607142857143
16106,0.281633333333333
16107,0.156486507936508
16111,0.290673015873016
16114,0.298387301587302
16116,0.350631746031746
16118,0.212311904761905
16121,0.262175396825397
16122,0.051581746031746
16125,0.274829365079365
16127,0.10785
16131,0.147046031746032
16133,0.359134920634921
16138,0.0537309523809524
16141,0.083213492063492
16150,0.403761111111111
16153,0.358013492063492
16159,0.235219841269841
16162,0.137114285714286
16165,0.4102
16167,0.318771428571429
16170,0.302961904761905
16171,0.0591777777777778
16172,0.143611904761905
16173,0.415190476190476
16176,0.187846825396825
16180,0.210442857142857
16186,0.55847380952381
16190,0.102821428571429
16192,0.223571428571429
16193,0.234652380952381
16195,0.117335714285714
16197,0.272775396825397
16201,0.145191125541126
16203,0.417476984126984
16213,0.324164285714286
16216,0.331766666666667
16221,0.236055722639933
16228,0.3151
16231,0.247944444444445
16232,0.248711904761905
16233,0.123619841269841
16240,0.26090873015873
16241,0.245465873015873
16244,0.209278571428571
16246,0.267479365079365
16249,0.169495238095238
16253,0.0456357142857143
16257,0.321706349206349
16258,0.236430952380952
16259,0.134110317460318
16261,0.19336746031746
16263,0.0660230158730159
16264,0.398015079365079
16265,0.496712698412698
16277,0.193299206349206
16279,0.0400825396825397
16287,0.0856119047619048
16288,0.204338888888889
16298,0.189330158730159
16300,0.0974142857142858
16308,0.436133333333333
16311,0.481996825396825
16312,0.137513492063492
16313,0.128639621489622
16314,0.346247619047619
16315,0.163352380952381
16318,0.330094444444444
16319,0.187080158730159
16320,0.368180158730159
16323,0.111151587301587
16325,0.350519047619048
16329,0.277125396825397
16332,0.112796031746032
16335,0.433459523809524
16337,0.2591
16338,0.0724507936507937
16343,0.0412031746031746
16353,0.141622222222222
16362,0.151966666666667
16366,0.104543650793651
16367,0.275683333333333
16368,0.0783533148610044
16375,0.128719841269841
16376,0.184142063492064
16381,0.219072222222222
16388,0.0649007936507936
16389,0.0759992063492063
16390,0.139975396825397
16392,0.255888672438672
16400,0.261478571428571
16407,0.122538888888889
16408,0.321876984126984
16411,0.190712698412698
16412,0.104505555555556
16413,0.208942857142857
16415,0.139846031746032
16418,0.350761904761905
16421,0.200630158730159
16424,0.27415873015873
16425,0.216066666666667
16426,0.190123015873016
16428,0.236848412698413
16429,0.414902380952381
16432,0.0831753968253968
16436,0.187329365079365
16437,0.271692857142857
16448,0.473003968253968
16453,0.16805873015873
16457,0.120723015873016
16461,0.279692063492064
16463,0.289203968253968
16469,0.118012698412698
16470,0.117192857142857
16480,0.0258174603174603
16481,0.132118253968254
16482,0.0954896825396825
16484,0.16833253968254
16486,0.168390476190476
16487,0.410715079365079
16500,0.173193650793651
16501,0.178595238095238
16503,0.237774603174603
16506,0.160470634920635
16519,0.0857373015873016
16524,0.0653103174603175
16526,0.195872222222222
16527,0.26180873015873
16530,0.0389666666666667
16537,0.107844444444444
16539,0.390519047619048
16541,0.395278571428571
16542,0.206416666666667
16555,0.195957936507937
16557,0.202999206349206
16558,0.284616666666667
16562,0.144479365079365
16566,0.138248268398268
16567,0.251989682539682
16578,0.242246031746032
16581,0.39850873015873
16582,0.364527777777778
16592,0.191437301587302
16594,0.236529365079365
16599,0.257037301587302
16602,0.181048412698413
16606,0.0734880952380952
16615,0.36611746031746
16623,0.115939682539683
16625,0.0787507936507936
16627,0.110096825396825
16628,0.147733333333333
16640,0.220942063492064
16643,0.35587619047619
16645,0.301421428571429
16648,0.373652380952381
16650,0.0673563492063492
16654,0.0701071428571429
16658,0.292778571428571
16659,0.197300793650794
16660,0.0323539682539683
16663,0.274236507936508
16666,0.374820634920635
16668,0.106946825396825
16677,0.180104761904762
16678,0.161775396825397
16680,0.317296031746032
16682,0.185651587301587
16683,0.192710317460317
16690,0.356842857142857
16693,0.209569047619048
16694,0.292640476190476
16699,0.107568312182724
16704,0.339678571428571
16706,0.0364714285714286
16710,0.0654380952380952
16714,0.347148412698413
16715,0.323511111111111
16717,0.250174603174603
16720,0.409636507936508
16722,0.170265873015873
16729,0.0446634920634921
16730,0.419899206349206
16733,0.295121428571429
16736,0.0769793650793651
16743,0.178511904761905
16745,0.147296825396825
16752,0.139434920634921
16758,0.351454761904762
16760,0.105396825396825
16763,0.173834920634921
16764,0.213671428571429
16765,0.243052380952381
16768,0.351394444444445
16773,0.337951587301587
16785,0.397986507936508
16796,0.27361746031746
16798,0.178790476190476
16802,0.302384126984127
16804,0.471669841269841
16806,0.317446825396825
16810,0.242290476190476
16813,0.259789682539683
16817,0.192919047619048
16819,0.23157619047619
16832,0.476887301587301
16833,0.269097619047619
16842,0.278289682539683
16843,0.274529365079365
16845,0.30411746031746
16848,0.152289682539683
16850,0.294840476190476
16854,0.27142619047619
16857,0.156604761904762
16871,0.0752373015873016
16873,0.412066666666667
16875,0.193879365079365
16879,0.116952380952381
16881,0.325461111111111
16886,0.132653174603175
16888,0.139111904761905
16891,0.445651587301587
16893,0.267164285714286
16902,0.383704761904762
16904,0.304307936507936
16911,0.324949206349207
16912,0.160179365079365
16917,0.430098412698412
16918,0.0825523809523809
16922,0.159629365079365
16923,0.22848253968254
16927,0.142629365079365
16930,0.204589682539683
16931,0.377196031746031
16933,0.15065873015873
16935,0.482520634920635
16938,0.263063492063492
16939,0.227812698412698
16940,0.1485
16941,0.102630952380952
16946,0.225121428571429
16947,0.0950873015873016
16952,0.151726984126984
16956,0.246328571428571
16958,0.203546031746032
16959,0.247284126984127
16962,0.166068253968254
16963,0.189600793650794
16965,0.0179698412698413
16967,0.343038095238095
16972,0.22393253968254
16973,0.110280158730159
16977,0.238039682539682
16979,0.321162698412698
16980,0.281028571428571
16981,0.348625396825397
16986,0.400747619047619
16988,0.397127777777778
16990,0.446045238095238
16992,0.12365
16995,0.225701587301587
17001,0.151827777777778
17002,0.407292063492063
17008,0.296554761904762
17020,0.183353174603175
17026,0.0780722222222222
17028,0.224626984126984
17029,0.29335873015873
17031,0.191765079365079
17033,0.284207936507937
17034,0.173562698412698
17038,0.0791293650793651
17040,0.122109523809524
17044,0.255775396825397
17046,0.168800793650794
17049,0.159131746031746
17053,0.0267452380952381
17055,0.122076984126984
17071,0.059915873015873
17072,0.201504761904762
17073,0.315772222222222
17078,0.0696563492063492
17079,0.298733333333333
17088,0.0907380952380952
17089,0.140169841269841
17091,0.130330158730159
17094,0.212651587301587
17099,0.108640476190476
17107,0.0400293650793651
17114,0.322548412698413
17122,0.338669047619048
17123,0.248339682539683
17124,0.305229365079365
17128,0.0928579365079365
17129,0.268169841269841
17130,0.453711111111111
17131,0.0733547619047619
17133,0.194630158730159
17134,0.146015079365079
17136,0.245248412698413
17137,0.178283333333333
17146,0.227624603174603
17153,0.150532548915442
17155,0.12823253968254
17156,0.343380952380952
17161,0.138280158730159
17163,0.12046746031746
17166,0.258495238095238
17167,0.139429365079365
17169,0.40275
17171,0.358356349206349
17176,0.22925873015873
17178,0.231687301587302
17184,0.286903968253968
17186,0.0515055555555556
17188,0.206712698412699
17189,0.416801587301587
17192,0.333656349206349
17194,0.386474603174603
17197,0.260905555555556
17198,0.15828253968254
17204,0.448720634920635
17207,0.401240476190476
17208,0.477445238095238
17212,0.0394420634920635
17220,0.115653174603175
17228,0.352968253968254
17231,0.415353968253968
17235,0.159971428571429
17236,0.233303968253968
17239,0.047231746031746
17242,0.18379126984127
17250,0.14110873015873
17252,0.494010317460318
17256,0.0646079365079365
17257,0.211242063492063
17258,0.0637928571428571
17260,0.430236507936508
17261,0.17731746031746
17269,0.381960317460317
17270,0.0932150793650794
17274,0.0972095238095238
17275,0.390857936507937
17278,0.117436507936508
17279,0.194188888888889
17280,0.104486507936508
17281,0.178270634920635
17286,0.0287992063492063
17290,0.333823015873016
17297,0.218703174603175
17307,0.243285714285714
17314,0.255699206349206
17320,0.43174126984127
17322,0.0233785714285714
17323,0.358869841269841
17331,0.160456349206349
17332,0.237484920634921
17333,0.337320634920635
17334,0.0359198412698413
17335,0.299275396825397
17336,0.195197619047619
17339,0.292887301587302
17340,0.45627380952381
17342,0.164071428571429
17344,0.0856055555555556
17350,0.157146031746032
17353,0.0545468253968254
17355,0.209843650793651
17361,0.381779365079365
17364,0.154239682539683
17365,0.0336277777777778
17367,0.0850777777777778
17369,0.139030952380952
17372,0.398016666666667
17375,0.200251587301587
17381,0.170592063492064
17385,0.145721428571429
17392,0.0107634920634921
17394,0.294654761904762
17396,0.150309523809524
17397,0.251002380952381
17399,0.283384126984127
17401,0.485038095238095
17404,0.270365873015873
17405,0.100239682539683
17407,0.234053968253968
17408,0.134789682539683
17410,0.40064126984127
17411,0.0409309523809524
17414,0.290981746031746
17418,0.178013492063492
17423,0.429165873015873
17428,0.21062380952381
17432,0.0625920634920635
17434,0.227323015873016
17441,0.0395198412698413
17444,0.11157380952381
17460,0.259288095238095
17463,0.136080158730159
17466,0.513297619047619
17469,0.372457142857143
17470,0.130592857142857
17482,0.138620634920635
17492,0.173370634920635
17495,0.288919841269841
17501,0.534607936507936
17503,0.389123015873016
17504,0.253380158730159
17505,0.322570634920635
17506,0.291640476190476
17508,0.0830055555555556
17510,0.419138095238095
17511,0.161753968253968
17512,0.347731746031746
17514,0.139888888888889
17522,0.463164285714286
17527,0.328814285714286
17528,0.18934126984127
17529,0.103560317460317
17532,0.414684126984127
17533,0.239815079365079
17546,0.237092063492064
17549,0.244081746031746
17552,0.319233982683983
17561,0.0998722222222223
17563,0.450687301587302
17568,0.30235
17573,0.143111904761905
17574,0.24992619047619
17577,0.282680158730159
17578,0.320036507936508
17581,0.457618253968254
17582,0.30098253968254
17588,0.322352380952381
17594,0.469071428571429
17601,0.0935253968253969
17604,0.244309523809524
17605,0.149554761904762
17606,0.288663492063492
17610,0.495586507936508
17611,0.109969841269841
17615,0.365096825396825
17619,0.280180952380952
17620,0.292285714285714
17621,0.163503174603175
17622,0.180668253968254
17631,0.341507142857143
17637,0.325359523809524
17641,0.374692063492063
17642,0.0763746031746032
17643,0.0484880952380952
17644,0.44590873015873
17650,0.352342857142857
17655,0.259343650793651
17659,0.318250793650794
17663,0.25857619047619
17674,0.115298412698413
17677,0.0376412698412698
17686,0.390923809523809
17689,0.360580158730159
17697,0.341631746031746
17699,0.0916547619047619
17702,0.279388095238095
17707,0.161695238095238
17710,0.367638888888889
17714,0.333661904761905
17716,0.388303174603175
17718,0.284570634920635
17719,0.272551587301587
17721,0.298340476190476
17722,0.207077777777778
17723,0.361674603174603
17724,0.363666666666667
17728,0.268061111111111
17730,0.297261111111111
17731,0.265650793650794
17733,0.236788888888889
17739,0.273199206349206
17741,0.208313492063492
17745,0.128116666666667
17752,0.204087301587302
17759,0.0317809523809524
17761,0.12812380952381
17768,0.0594563492063492
17771,0.243238888888889
17774,0.229157936507936
17775,0.0879746031746032
17776,0.263880952380952
17779,0.27242380952381
17781,0.215445238095238
17782,0.502485714285714
17783,0.237092063492064
17785,0.409770634920635
17791,0.516842857142857
17793,0.0665539682539683
17796,0.447780158730159
17797,0.0595968253968254
17803,0.363110317460318
17808,0.124098412698413
17816,0.292611111111111
17820,0.12682619047619
17833,0.285272222222222
17854,0.149396825396825
17857,0.02
17858,0.383384126984127
17862,0.191205555555556
17864,0.45207619047619
17866,0.161530158730159
17867,0.251161904761905
17868,0.296781746031746
17870,0.209492063492064
17871,0.147112698412698
17872,0.0234809523809524
17873,0.0994738095238095
17877,0.182325396825397
17882,0.0654603174603175
17887,0.161486507936508
17891,0.232365079365079
17898,0.23931746031746
17899,0.182437301587302
17900,0.448596825396825
17901,0.41285
17907,0.184006349206349
17917,0.308570634920635
17918,0.403601587301587
17920,0.139703968253968
17925,0.266216666666667
17940,0.239207936507936
17942,0.115120634920635
17945,0.0574992063492063
17947,0.248912698412698
17950,0.321901587301587
17955,0.161394444444445
17956,0.500746825396825
17957,0.133196031746032
17959,0.166784126984127
17965,0.386062698412698
17969,0.0806460317460317
17970,0.197480158730159
17971,0.474221428571429
17985,0.0510730158730159
18002,0.333565873015873
18009,0.0956293650793651
18010,0.202344444444444
18012,0.19631746031746
18017,0.351851587301587
18020,0.134857936507937
18027,0.240375396825397
18028,0.177896031746032
18029,0.149787301587302
18036,0.244927777777778
18039,0.0816547619047619
18040,0.0922849206349207
18046,0.138404761904762
18047,0.427034126984127
18048,0.186134126984127
18053,0.19345873015873
18056,0.433897619047619
18060,0.0917071428571429
18061,0.0845238095238095
18065,0.271163492063492
18069,0.163078571428572
18071,0.282883333333333
18072,0.463373809523809
18074,0.046518253968254
18077,0.144095238095238
18079,0.327446825396825
18084,0.258207142857143
18086,0.124706349206349
18090,0.137914285714286
18096,0.228744444444445
18105,0.35001746031746
18107,0.0949460317460317
18109,0.33236746031746
18111,0.154731746031746
18113,0.249961111111111
18116,0.331214285714286
18117,0.423513492063492
18121,0.424896825396825
18123,0.116197619047619
18124,0.054681746031746
18126,0.182396031746032
18127,0.278952380952381
18131,0.499357936507937
18134,0.378203174603175
18135,0.0728515873015873
18138,0.269259523809524
18142,0.518907142857143
18151,0.297602380952381
18156,0.332965873015873
18158,0.119346825396825
18159,0.288380158730159
18163,0.144573015873016
18174,0.274553174603175
18176,0.0856690476190476
18180,0.325589682539683
18183,0.278833333333333
18185,0.130322222222222
18189,0.488157142857143
18190,0.167846825396825
18192,0.42593253968254
18203,0.27312380952381
18205,0.252693650793651
18209,0.0548309523809524
18214,0.0883785714285715
18221,0.402610317460318
18222,0.210629365079365
18224,0.196711111111111
18225,0.0607412698412698
18226,0.269488095238095
18227,0.246043650793651
18230,0.231080158730159
18238,0.333376984126984
18240,0.379034126984127
18243,0.114113492063492
18252,0.220206349206349
18253,0.13704126984127
18254,0.388570634920635
18258,0.171602380952381
18267,0.532343650793651
18270,0.18509126984127
18274,0.255763492063492
18279,0.379681746031746
18280,0.0741301587301587
18284,0.154904761904762
18286,0.17970873015873
18288,0.180555555555555
18298,0.214631746031746
18302,0.205992063492064
18305,0.216303968253968
18306,0.100497619047619
18307,0.330500793650794
18311,0.266623015873016
18312,0.374626190476191
18314,0.312618253968254
18316,0.326272222222222
18320,0.164096031746032
18323,0.341463492063492
18328,0.0423698412698413
18332,0.303230158730159
18333,0.257645238095238
18336,0.116976984126984
18339,0.123877777777778
18342,0.43973253968254
18347,0.0875198412698413
18348,0.254096031746032
18355,0.127520634920635
18361,0.120672222222222
18363,0.201173809523809
18364,0.210278571428572
18365,0.385507936507936
18368,0.109346825396825
18369,0.245840476190476
18373,0.194242063492063
18376,0.147176190476191
18382,0.368896031746032
18385,0.161215079365079
18387,0.602334126984127
18388,0.212612698412698
18389,0.069065873015873
18395,0.141479365079365
18399,0.0855619047619048
18400,0.0453563492063492
18410,0.264703968253968
18413,0.0992650793650794
18418,0.161234126984127
18424,0.0202102564102564
18428,0.192045238095238
18430,0.093615873015873
18433,0.273356349206349
18440,0.189954761904762
18442,0.0845547619047619
18447,0.509000793650794
18448,0.431238888888889
18454,0.335547619047619
18456,0.0488103174603175
18457,0.258127777777778
18458,0.412828571428571
18460,0.0881126984126984
18461,0.112046825396825
18463,0.0259253968253968
18467,0.259389682539682
18469,0.029
18471,0.322992063492064
18472,0.136719047619048
18477,0.197485714285714
18481,0.223985714285714
18483,0.239375396825397
18488,0.200024603174603
18489,0.360623015873016
18491,0.158964285714286
18494,0.081813492063492
18498,0.367862698412698
18503,0.151693650793651
18517,0.334892063492063
18519,0.106629365079365
18527,0.141525396825397
18531,0.436265079365079
18537,0.0980396825396826
18540,0.211116666666667
18546,0.112050793650794
18555,0.107340476190476
18556,0.469177777777778
18557,0.449335714285714
18558,0.36173253968254
18568,0.42713492063492
18573,0.200538888888889
18574,0.351607142857143
18578,0.225093650793651
18580,0.168003968253968
18582,0.270288888888889
18584,0.0712865079365079
18586,0.486021428571428
18592,0.402684126984127
18600,0.205306349206349
18604,0.208939682539683
18605,0.276487301587302
18607,0.423622222222222
18609,0.0192730158730159
18611,0.256507142857143
18614,0.184095238095238
18616,0.104507936507937
18620,0.0560515873015873
18625,0.119222222222222
18628,0.350529365079365
18631,0.362303968253968
18634,0.196649206349206
18637,0.196288095238095
18638,0.397461904761904
18639,0.304065079365079
18641,0.245973015873016
18643,0.336859523809524
18644,0.410245238095238
18648,0.102080952380952
18671,0.222084920634921
18675,0.105503968253968
18678,0.138134126984127
18679,0.25146507936508
18681,0.0948222222222222
18683,0.514766666666666
18684,0.198746825396825
18690,0.403626190476191
18691,0.290477777777778
18692,0.0890650793650794
18694,0.236629365079365
18697,0.490415873015873
18701,0.342019047619048
18702,0.442855555555556
18703,0.371221428571429
18707,0.299300960735171
18708,0.331377777777778
18710,0.360211904761905
18714,0.143428571428571
18716,0.216196362899006
18723,0.29167380952381
18725,0.170404761904762
18728,0.311320634920635
18738,0.516442857142857
18739,0.208201587301587
18741,0.171134126984127
18742,0.1106
18743,0.0751150793650794
18753,0.134880158730159
18758,0.0510746031746032
18761,0.353884126984127
18762,0.23999126984127
18764,0.219499206349206
18765,0.106975396825397
18769,0.126266666666667
18771,0.0947634920634921
18772,0.447311111111111
18774,0.261911111111111
18777,0.0947825396825397
18778,0.38568253968254
18788,0.461403174603175
18791,0.169847619047619
18794,0.356997619047619
18798,0.0539301587301587
18803,0.28079126984127
18807,0.485757142857143
18811,0.211053968253968
18813,0.270337301587302
18814,0.0942698412698413
18819,0.115262698412698
18822,0.204519841269841
18824,0.0512809523809524
18825,0.236807142857143
18826,0.17963253968254
18831,0.067234126984127
18835,0.300909523809524
18837,0.213828571428571
18840,0.0120833333333333
18841,0.217683333333333
18843,0.174011904761905
18847,0.076734126984127
18855,0.0611071428571429
18858,0.189980158730159
18860,0.0487246031746032
18861,0.109165873015873
18865,0.385228354978355
18867,0.232976190476191
18868,0.211199206349206
18874,0.12175873015873
18877,0.246529365079365
18878,0.439688095238095
18879,0.289669047619048
18892,0.387413492063492
18893,0.145476984126984
18895,0.253870634920635
18903,0.213073809523809
18906,0.163994444444444
18908,0.258677777777778
18910,0.112485714285714
18912,0.312179365079365
18919,0.108556349206349
18926,0.385359523809524
18927,0.160806349206349
18928,0.202829365079365
18930,0.268534920634921
18932,0.109797619047619
18935,0.126861111111111
18936,0.109706349206349
18937,0.399788095238095
18939,0.301218253968254
18940,0.534006349206349
18941,0.248776984126984
18942,0.381522222222222
18943,0.157468253968254
18946,0.26924126984127
18948,0.264922222222222
18949,0.258400793650794
18956,0.353926190476191
18957,0.136859523809524
18961,0.243051587301587
18963,0.0988634920634921
18964,0.343974603174603
18969,0.32104126984127
18972,0.197638095238095
18978,0.229747619047619
18980,0.41629126984127
18984,0.262562698412698
18986,0.217519841269841
18987,0.33492619047619
18997,0.243076984126984
18999,0.0148769841269841
19000,0.101688095238095
19004,0.090286507936508
19007,0.134665079365079
19009,0.180755555555556
19015,0.125193650793651
19017,0.352666666666667
19022,0.476503968253968
19023,0.203453968253968
19028,0.224001587301587
19029,0.186205555555556
19031,0.131695238095238
19035,0.179503174603175
19039,0.0447444444444444
19041,0.383560317460317
19044,0.445661904761905
19048,0.142707936507937
19058,0.161072222222222
19061,0.230410317460317
19065,0.415434920634921
19066,0.229170634920635
19068,0.33322619047619
19072,0.395653174603174
19075,0.0806603174603174
19080,0.188095238095238
19084,0.377119047619048
19085,0.219743650793651
19094,0.278848412698413
19095,0.521512698412699
19103,0.118619047619048
19104,0.143872222222222
19106,0.364415079365079
19108,0.313227777777778
19111,0.160497619047619
19117,0.262323809523809
19119,0.194719841269841
19120,0.0502738095238095
19124,0.136739682539683
19126,0.410984920634921
19129,0.293435714285714
19133,0.322394444444444
19142,0.0510087301587301
19154,0.465556349206349
19155,0.260665873015873
19158,0.353169841269841
19169,0.215474603174603
19176,0.170700793650794
19181,0.248700793650794
19182,0.237673015873016
19184,0.361620634920635
19185,0.457381746031746
19189,0.1971
19190,0.0583246031746032
19191,0.279873809523809
19194,0.218529365079365
19197,0.166228571428571
19199,0.375146031746032
19203,0.129529365079365
19205,0.157038888888889
19210,0.531852380952381
19212,0.102994444444444
19213,0.0880261904761905
19216,0.11915
19219,0.214375396825397
19223,0.297681746031746
19226,0.278896031746032
19230,0.0874214285714286
19233,0.110690476190476
19235,0.053965873015873
19236,0.300186507936508
19237,0.423184126984127
19243,0.348789682539683
19252,0.125049206349206
19253,0.300903968253968
19257,0.25282619047619
19258,0.0683349206349207
19259,0.262001587301587
19261,0.324153174603175
19263,0.133738888888889
19264,0.219974603174603
19265,0.147040476190476
19266,0.200007142857143
19271,0.219979365079365
19275,0.255586507936508
19277,0.299228571428571
19278,0.122957936507937
19281,0.362015873015873
19287,0.0606912698412698
19290,0.305539682539683
19291,0.230373015873016
19294,0.126236507936508
19295,0.26058253968254
19297,0.335061111111111
19298,0.260730158730159
19300,0.115096031746032
19303,0.331789682539683
19305,0.514531746031746
19309,0.17787380952381
19310,0.539546825396825
19311,0.0935746031746032
19314,0.272573015873016
19315,0.124976984126984
19320,0.200297619047619
19329,0.313954761904762
19331,0.0944380952380953
19332,0.285786507936508
19337,0.290068253968254
19340,0.418211111111111
19343,0.132053968253968
19344,0.177310317460318
19345,0.323569841269841
19347,0.309207936507937
19350,0.217707142857143
19351,0.0494801587301587
19353,0.3279
19356,0.433509523809524
19358,0.20712619047619
19362,0.276546825396825
19363,0.224015079365079
19367,0.27501746031746
19371,0.457138095238095
19373,0.365546031746032
19378,0.433787301587302
19383,0.240769047619048
19385,0.120776984126984
19389,0.393877777777778
19394,0.192438095238095
19395,0.437528571428572
19398,0.323700793650794
19399,0.270702380952381
19400,0.25804126984127
19402,0.391492857142857
19403,0.0883674603174603
19415,0.158815079365079
19420,0.3274
19421,0.293221428571429
19424,0.126946031746032
19431,0.34900873015873
19433,0.327549206349206
19434,0.129199206349206
19441,0.118199206349206
19445,0.215090476190476
19446,0.207980158730159
19447,0.42992619047619
19452,0.37516507936508
19453,0.0849063492063492
19455,0.071265873015873
19457,0.44282380952381
19458,0.20357619047619
19459,0.352303968253968
19462,0.0849603174603175
19465,0.274105555555556
19470,0.0649396825396825
19471,0.274298412698413
19479,0.232627777777778
19480,0.196068253968254
19494,0.233400793650794
19497,0.0316253968253968
19500,0.107985714285714
19501,0.0192134920634921
19502,0.121211111111111
19504,0.351320634920635
19505,0.397415873015873
19519,0.342119047619048
19524,0.15103253968254
19529,0.251513492063492
19532,0.0801007936507937
19533,0.0672888888888889
19534,0.508448412698413
19536,0.437734920634921
19537,0.0236349206349206
19543,0.0902325396825397
19545,0.17668253968254
19546,0.288371428571429
19549,0.314461111111111
19551,0.190620634920635
19554,0.0969833333333333
19559,0.0948698412698413
19563,0.420342857142857
19564,0.249937301587302
19565,0.18067380952381
19566,0.108000793650794
19568,0.18948253968254
19571,0.478284126984127
19575,0.164630952380952
19578,0.248371428571429
19581,0.107313492063492
19585,0.120264285714286
19591,0.126777777777778
19594,0.182848412698413
19600,0.490261904761905
19604,0.231381746031746
19605,0.524770634920635
19614,0.212512698412698
19628,0.48672380952381
19629,0.248312698412698
19630,0.0814230158730159
19634,0.0553825396825397
19637,0.428985714285714
19640,0.26075873015873
19641,0.227072222222222
19642,0.40700989706471
19643,0.270592063492064
19651,0.382907142857143
19654,0.288630158730159
19657,0.179407936507937
19658,0.29375
19659,0.0819960317460317
19668,0.166910317460317
19677,0.445990476190476
19679,0.407685714285714
19681,0.298190476190476
19684,0.0486357142857143
19690,0.227761904761905
19691,0.33641746031746
19694,0.431690476190476
19705,0.336216666666667
19714,0.156888888888889
19718,0.122134126984127
19720,0.171489682539683
19721,0.073202380952381
19722,0.344637301587302
19723,0.420252380952381
19733,0.175654761904762
19734,0.199048412698413
19735,0.247410317460317
19739,0.429301587301587
19742,0.09845
19744,0.208776984126984
19745,0.285669841269841
19748,0.389414285714286
19753,0.315664285714286
19757,0.320564285714286
19761,0.349993650793651
19762,0.227246031746032
19763,0.310621428571429
19769,0.310412698412698
19770,0.322801587301587
19772,0.453807142857143
19774,0.120326984126984
19781,0.335842063492064
19782,0.388989682539682
19783,0.474074603174603
19792,0.321503174603175
19797,0.183235714285714
19800,0.459633333333333
19802,0.300068253968254
19804,0.0511865079365079
19807,0.194564285714286
19810,0.309834920634921
19812,0.364259523809524
19813,0.238274603174603
19815,0.257316666666667
19816,0.170160317460317
19818,0.411365079365079
19819,0.293573015873016
19821,0.276011111111111
19823,0.356101587301587
19827,0.173264285714286
19829,0.163716666666667
19830,0.0839230158730159
19831,0.11987619047619
19832,0.287542857142857
19835,0.0708714285714286
19843,0.397784920634921
19854,0.274393650793651
19855,0.437773809523809
19856,0.468569841269841
19864,0.0795539682539683
19868,0.235019047619048
19871,0.311257142857143
19878,0.117669047619048
19879,0.231983333333333
19880,0.124083333333333
19881,0.106734920634921
19888,0.197555555555556
19889,0.181180952380952
19891,0.287629365079365
19892,0.319277777777778
19896,0.373149206349206
19902,0.181819841269841
19904,0.0720777777777778
19906,0.126686507936508
19912,0.179643650793651
19913,0.316442063492063
19915,0.329410317460317
19918,0.116942857142857
19919,0.185590476190476
19922,0.379299206349206
19923,0.123080158730159
19925,0.443252380952381
19926,0.0599936507936508
19930,0.0413237484737485
19932,0.312784672764897
19935,0.0676714285714286
19936,0.376334126984127
19937,0.19435
19938,0.338192857142857
19947,0.155813492063492
19954,0.349653968253968
19958,0.223892857142857
19959,0.44163253968254
19960,0.207754761904762
19961,0.0957222222222222
19965,0.265553968253968
19966,0.248261904761905
19970,0.140870634920635
19971,0.303969841269841
19974,0.0561309523809524
19977,0.3565
19984,0.0860214285714285
19988,0.195193650793651
19989,0.337989682539683
19993,0.15993253968254
19999,0.337546825396825
20002,0.346321407571847
20005,0.12340873015873
20013,0.310894444444444
20014,0.31488253968254
20015,0.216666666666667
20017,0.31875
20028,0.422910317460318
20030,0.109999206349206
20035,0.335087628384687
20036,0.140822222222222
20037,0.208473809523809
20041,0.328214285714286
20045,0.186033333333333
20046,0.509396825396825
20047,0.333138095238095
20048,0.455375396825397
20058,0.18342619047619
20064,0.399893650793651
20065,0.27025873015873
20066,0.085968253968254
20069,0.310143134107347
20075,0.253395238095238
20076,0.324269047619048
20085,0.076368253968254
20087,0.252783333333333
20089,0.385912698412698
20092,0.112118253968254
20093,0.230541919191919
20096,0.452815873015873
20097,0.393683333333333
20099,0.198637301587302
20108,0.180397619047619
20114,0.179920634920635
20120,0.215530952380953
20122,0.332534126984127
20126,0.265849206349206
20131,0.237730158730159
20135,0.0236666666666667
20136,0.0431174603174603
20137,0.349319047619048
20139,0.373946825396825
20145,0.200900604427244
20147,0.287257142857143
20150,0.127181746031746
20152,0.129089605473766
20154,0.234411111111111
20156,0.191150793650794
20159,0.235410317460317
20160,0.463798412698413
20163,0.497723015873016
20174,0.314510317460317
20175,0.0470230158730159
20178,0.137410317460317
20181,0.081331746031746
20184,0.441331746031746
20189,0.385065873015873
20191,0.0764023809523809
20192,0.207838095238095
20194,0.29908253968254
20196,0.298220634920635
20205,0.405794444444445
20210,0.345434126984127
20214,0.273566666666667
20220,0.218577777777778
20224,0.172946825396825
20227,0.194842857142857
20231,0.225993650793651
20235,0.316534126984127
20237,0.10254126984127
20238,0.149642857142857
20240,0.253065079365079
20243,0.38165
20245,0.19566746031746
20247,0.16791746031746
20248,0.0667309523809524
20251,0.24279126984127
20252,0.214425396825397
20253,0.132069841269841
20255,0.385857936507936
20258,0.129820634920635
20259,0.374984126984127
20261,0.354938095238095
20264,0.183395238095238
20271,0.0758190476190476
20276,0.349684126984127
20284,0.174115079365079
20294,0.380088888888889
20300,0.201638888888889
20302,0.345914285714286
20316,0.145616666666667
20325,0.172966666666667
20328,0.288219047619048
20330,0.151252380952381
20337,0.250144444444444
20343,0.148784126984127
20345,0.161164285714286
20346,0.335769841269841
20351,0.282958452757493
20359,0.140912698412698
20365,0.296071428571429
20367,0.106963492063492
20368,0.0931190476190476
20369,0.225297619047619
20370,0.264111111111111
20373,0.195821428571429
20374,0.132799947005829
20375,0.0968388888888889
20379,0.481429921014099
20380,0.205464285714286
20383,0.101552380952381
20386,0.40473253968254
20387,0.236773015873016
20389,0.418777777777778
20391,0.281084862582862
20392,0.312787301587302
20397,0.399493650793651
20401,0.224225396825397
20404,0.239314285714286
20407,0.240403968253968
20412,0.178501587301587
20416,0.0265611111111111
20421,0.419268253968254
20432,0.233684920634921
20433,0.0540619047619048
20435,0.146501587301587
20436,0.186202380952381
20439,0.243219841269841
20440,0.296573809523809
20442,0.16873253968254
20446,0.189997619047619
20455,0.171242857142857
20456,0.271783333333333
20457,0.508280158730159
20465,0.25677619047619
20467,0.387376984126984
20468,0.299220634920635
20470,0.272266666666667
20472,0.146103174603175
20477,0.248735714285714
20479,0.10141746031746
20484,0.341857936507937
20489,0.163034126984127
20491,0.429609523809524
20492,0.0408388888888889
20497,0.444798412698413
20499,0.400981746031746
20501,0.511498412698413
20509,0.277712698412699
20515,0.298568253968254
20520,0.0840071428571429
20522,0.320698412698413
20524,0.349454761904762
20525,0.294189682539682
20526,0.0866944444444445
20527,0.406492063492064
20528,0.2822723893066
20530,0.286949206349206
20533,0.566588095238095
20543,0.0746642857142857
20544,0.199915079365079
20547,0.135039682539683
20548,0.154092063492063
20549,0.14279126984127
20551,0.0885222222222222
20552,0.321934126984127
20555,0.296202380952381
20556,0.111436507936508
20561,0.442734920634921
20566,0.258753968253968
20573,0.012515873015873
20574,0.167280952380952
20577,0.499161111111111
20578,0.234092063492063
20582,0.117674603174603
20585,0.0456412698412698
20588,0.185515079365079
20592,0.239812698412698
20594,0.103921428571429
20598,0.0465571428571428
20603,0.246822222222222
20607,0.492021428571428
20610,0.188421428571429
20616,0.200822222222222
20624,0.670134920634921
20626,0.275792063492064
20627,0.194157142857143
20628,0.163597619047619
20629,0.37694126984127
20635,0.133746031746032
20640,0.398279365079365
20643,0.309638095238095
20646,0.128612698412698
20647,0.316437301587302
20648,0.25730873015873
20655,0.0703730158730159
20656,0.0824365079365079
20658,0.28845
20664,0.238556349206349
20666,0.296053968253968
20670,0.386054761904762
20673,0.197378571428571
20677,0.293022222222222
20678,0.171865079365079
20680,0.38151746031746
20681,0.349506349206349
20685,0.148675396825397
20688,0.434455555555556
20689,0.228069047619048
20690,0.170821428571429
20692,0.304902380952381
20694,0.0945761904761905
20695,0.214390476190476
20699,0.163053968253968
20710,0.32718253968254
20713,0.280724603174603
20714,0.207402380952381
20715,0.464157142857143
20720,0.146187301587302
20721,0.15915
20723,0.335784126984127
20724,0.201536507936508
20728,0.372834920634921
20733,0.0467785714285714
20734,0.16880873015873
20735,0.171351587301587
20738,0.178780952380952
20741,0.187030952380952
20747,0.529730952380952
20752,0.292461111111111
20753,0.165169047619048
20754,0.234669047619048
20756,0.368698412698413
20757,0.130953174603175
20761,0.342534920634921
20763,0.127140476190476
20766,0.305993650793651
20768,0.140999206349206
20772,0.263307936507936
20776,0.420180158730159
20781,0.164739682539683
20784,0.0798928571428571
20786,0.306619047619047
20787,0.0998111111111111
20788,0.133034920634921
20792,0.255503968253968
20793,0.218672222222222
20797,0.397702380952381
20798,0.296951587301587
20800,0.271676984126984
20808,0.185354761904762
20818,0.166847619047619
20819,0.273362698412699
20824,0.142662698412698
20825,0.328871428571429
20827,0.309695238095238
20828,0.265653968253968
20829,0.0274547619047619
20834,0.0883920634920635
20844,0.311765079365079
20848,0.178670634920635
20850,0.354046825396825
20851,0.28524126984127
20852,0.421068253968254
20855,0.0793746031746032
20863,0.059565873015873
20869,0.219435800766533
20870,0.187098873527906
20871,0.203654761904762
20880,0.0451476190476191
20881,0.466757142857143
20886,0.254303968253968
20893,0.282980952380952
20894,0.0794293650793651
20901,0.143433333333333
20905,0.418004761904762
20909,0.368617460317461
20912,0.237316666666667
20913,0.209377777777778
20914,0.278565873015873
20919,0.288714285714286
20920,0.525023809523809
20924,0.345253174603175
20927,0.339411111111111
20928,0.229229365079365
20929,0.186939682539683
20930,0.274065079365079
20933,0.206235714285714
20934,0.0831880952380952
20940,0.145311111111111
20941,0.139353968253968
20944,0.154730158730159
20948,0.10694126984127
20954,0.183006349206349
20959,0.26659126984127
20962,0.239295238095238
20965,0.279379365079365
20966,0.145313492063492
20968,0.327583333333334
20969,0.162320634920635
20975,0.239319047619048
20976,0.395303174603174
20978,0.131913492063492
20979,0.3523
20981,0.181630952380952
20982,0.413846825396825
20985,0.307768253968254
20988,0.244616666666667
20991,0.125703174603175
20993,0.209212698412698
20995,0.2953
20996,0.51533253968254
20998,0.148307936507936
21001,0.311603968253968
21004,0.314312698412698
21008,0.346627777777778
21011,0.275330952380952
21012,0.294048412698413
21015,0.200220634920635
21016,0.076013492063492
21021,0.305550793650794
21024,0.252905555555556
21030,0.475764285714286
21031,0.0708206349206349
21032,0.215892063492063
21033,0.231770634920635
21034,0.090184126984127
21042,0.267375396825397
21043,0.0456428571428571
21048,0.400639682539682
21051,0.134881746031746
21056,0.375716666666667
21057,0.450076984126984
21058,0.0790809523809524
21059,0.112789621489622
21060,0.0388055555555555
21062,0.272665873015873
21066,0.329640476190476
21067,0.172259523809524
21070,0.271392857142857
21074,0.137270634920635
21080,0.242476984126984
21081,0.0777896825396825
21082,0.121222222222222
21086,0.0434460317460317
21089,0.0777888888888889
21090,0.316131746031746
21095,0.396851587301587
21097,0.295153174603175
21103,0.198760317460317
21113,0.421223015873016
21114,0.437063492063492
21117,0.153221428571429
21122,0.155215079365079
21123,0.0959722222222223
21129,0.14785873015873
21133,0.369769841269841
21135,0.107330952380952
21141,0.219928571428572
21148,0.248319841269841
21149,0.359015079365079
21151,0.382194444444445
21156,0.160294444444444
21157,0.110074603174603
21161,0.42761746031746
21163,0.0482992063492063
21164,0.117309523809524
21168,0.375765873015873
21169,0.207836507936508
21171,0.0563142857142857
21174,0.376095238095238
21175,0.0955428571428572
21183,0.157271428571429
21187,0.145472222222222
21188,0.0468579365079365
21189,0.039518253968254
21192,0.334781746031746
21195,0.129383333333333
21209,0.257003174603175
21210,0.193954761904762
21216,0.281977777777778
21217,0.176051587301587
21218,0.196894444444444
21221,0.283411904761905
21224,0.0549460317460317
21225,0.257733333333333
21228,0.163842857142857
21230,0.0308404761904762
21232,0.16769126984127
21235,0.355744444444445
21240,0.163786507936508
21246,0.302105555555556
21248,0.316936507936508
21253,0.239175396825397
21256,0.351802380952381
21257,0.279877777777778
21261,0.448325396825397
21262,0.340696031746032
21266,0.140733333333333
21267,0.0882150793650793
21268,0.172780952380952
21270,0.248296825396825
21280,0.103457936507937
21294,0.476430158730159
21308,0.325390476190476
21310,0.203835714285714
21313,0.0689738095238095
21314,0.193521428571429
21316,0.0668452380952381
21319,0.124738095238095
21326,0.0622515873015873
21333,0.115957142857143
21336,0.250971428571429
21340,0.32498253968254
21344,0.315361904761905
21345,0.375469841269841
21354,0.239238095238095
21358,0.047931746031746
21360,0.255304761904762
21368,0.0495230158730159
21370,0.0971873015873016
21372,0.289784126984127
21381,0.125759523809524
21382,0.250457936507936
21385,0.113122222222222
21386,0.134902380952381
21390,0.383533333333333
21394,0.134944444444444
21395,0.0540515873015873
21398,0.142026984126984
21406,0.0533563492063492
21409,0.325639682539683
21416,0.3209
21422,0.243596825396826
21431,0.344910317460317
21434,0.307923809523809
21438,0.130895238095238
21443,0.112013492063492
21449,0.0860880952380953
21450,0.0650984126984127
21455,0.117629365079365
21457,0.321896031746032
21458,0.384168253968254
21462,0.146900793650794
21463,0.123218253968254
21474,0.105909523809524
21478,0.0550896825396825
21480,0.217464285714286
21484,0.250961904761905
21488,0.138084126984127
21489,0.0528428571428571
21498,0.168830158730159
21501,0.0735460317460318
21502,0.16036746031746
21503,0.100731746031746
21509,0.204919841269841
21511,0.195292063492064
21512,0.174360317460317
21517,0.270232384823848
21522,0.287729365079365
21524,0.405542063492063
21526,0.0671087301587302
21534,0.293540476190476
21536,0.125436507936508
21539,0.193156909120292
21540,0.15789126984127
21541,0.223957142857143
21544,0.298807142857143
21551,0.30117380952381
21552,0.282011111111111
21555,0.297430952380953
21556,0.212369841269841
21557,0.335375396825397
21559,0.166880158730159
21565,0.120734920634921
21568,0.174123015873016
21572,0.292648412698413
21576,0.332253174603174
21580,0.178425396825397
21584,0.162175396825397
21586,0.146245238095238
21587,0.150880952380952
21588,0.080770634920635
21591,0.311534920634921
21592,0.128937301587302
21593,0.438842063492063
21595,0.136397619047619
21597,0.267554761904762
21599,0.0694238095238095
21605,0.262031746031746
21617,0.257928571428571
21619,0.402219841269841
21621,0.0850722222222222
21622,0.192429365079365
21624,0.0673992063492063
21627,0.133400793650794
21628,0.0579515873015873
21630,0.33209126984127
21638,0.109840476190476
21641,0.115618253968254
21648,0.262848412698413
21649,0.205713492063492
21650,0.16925873015873
21652,0.267328571428571
21654,0.0926793650793651
21655,0.119053174603175
21658,0.509612698412699
21661,0.205926984126984
21669,0.194053174603175
21671,0.209611904761905
21675,0.462061111111111
21677,0.274039682539683
21682,0.046815873015873
21683,0.060981746031746
21685,0.36851746031746
21687,0.261749649389649
21688,0.0955801587301587
21690,0.243533333333333
21695,0.375571428571429
21696,0.164860317460318
21697,0.405661904761905
21698,0.108007142857143
21699,0.105459523809524
21700,0.49551746031746
21706,0.415010317460318
21707,0.100763341987999
21714,0.128075396825397
21716,0.498844444444444
21718,0.188615079365079
21732,0.112407142857143
21733,0.233131746031746
21739,0.103057936507937
21740,0.272595238095238
21742,0.307211111111111
21743,0.129207936507937
21747,0.0386642857142857
21748,0.262907142857143
21749,0.156944444444444
21750,0.13665873015873
21752,0.0637428571428571
21763,0.307592857142857
21764,0.338412698412698
21769,0.109619841269841
21775,0.253765079365079
21776,0.345044444444444
21777,0.130147619047619
21778,0.0644063492063492
21780,0.235366666666667
21781,0.0739309523809524
21782,0.257861904761905
21783,0.311359523809524
21786,0.213703968253968
21787,0.290803174603175
21794,0.108470634920635
21800,0.0869007936507937
21806,0.167873809523809
21807,0.0728753968253968
21810,0.276823015873016
21811,0.466560317460318
21816,0.232287301587302
21818,0.125331746031746
21820,0.192724603174603
21822,0.339361111111111
21829,0.107366666666667
21830,0.0535862547640058
21834,0.152640476190476
21835,0.165280158730159
21842,0.411437301587302
21845,0.557992063492064
21850,0.400578571428572
21854,0.364783333333333
21855,0.322724603174603
21856,0.272969841269841
21863,0.370972222222222
21873,0.407879365079365
21874,0.369510317460317
21876,0.0576301587301587
21883,0.170334920634921
21884,0.143309523809524
21886,0.24249126984127
21892,0.175893650793651
21895,0.0695349206349206
21896,0.289738888888889
21904,0.239671428571429
21907,0.144566666666667
21910,0.044781746031746
21919,0.13347944052218
21923,0.300838095238095
21924,0.0981888888888889
21928,0.102507142857143
21929,0.266450793650794
21931,0.318051587301588
21933,0.266924603174603
21938,0.117637301587302
21946,0.1243
21958,0.122943650793651
21961,0.185300793650794
21963,0.186002380952381
21966,0.17945873015873
21972,0.1128
21976,0.234384126984127
21977,0.171338888888889
21987,0.0643087301587302
21989,0.408161904761905
21991,0.313411111111111
21995,0.496046031746032
21997,0.116906349206349
22001,0.246864285714286
22003,0.336045238095238
22009,0.15247380952381
22010,0.177177777777778
22012,0.160550793650794
22021,0.319663492063492
22027,0.132865079365079
22029,0.0445055555555555
22030,0.0689817460317461
22031,0.162157142857143
22032,0.125373015873016
22035,0.20755873015873
22036,0.0911444444444444
22042,0.153801587301587
22043,0.157572222222222
22044,0.083152380952381
22046,0.231361111111111
22047,0.338333333333333
22049,0.296285714285714
22052,0.168097619047619
22053,0.089868253968254
22055,0.111738095238095
22060,0.152059523809524
22061,0.0850531746031746
22063,0.279146031746032
22065,0.29207619047619
22076,0.235088888888889
22082,0.325120634920635
22085,0.0981150793650793
22088,0.244111904761905
22096,0.182911111111111
22098,0.340211111111111
22101,0.128009523809524
22102,0.17865
22105,0.200657936507937
22108,0.184315873015873
22112,0.0691396825396825
22115,0.307316666666667
22117,0.229065873015873
22119,0.0891468253968254
22121,0.126512698412698
22123,0.129994444444444
22125,0.443017460317461
22128,0.233735714285714
22129,0.109353968253968
22130,0.0560611111111111
22133,0.126975396825397
22140,0.141457936507936
22141,0.0816492063492063
22142,0.127095238095238
22144,0.337772222222222
22152,0.115096825396825
22154,0.217662698412698
22155,0.348187301587302
22159,0.0496714285714286
22161,0.0428357142857143
22164,0.0755230158730159
22166,0.21004126984127
22174,0.0568150793650794
22175,0.112042063492063
22176,0.13288253968254
22179,0.0414888888888889
22181,0.0550936507936508
22182,0.311634126984127
22186,0.0787801587301587
22191,0.22695873015873
22196,0.286843650793651
22197,0.0850333333333333
22206,0.42405873015873
22207,0.133294444444444
22210,0.15631746031746
22218,0.120933333333333
22223,0.130040476190476
22224,0.289413492063492
22225,0.117106349206349
22227,0.374261904761905
22229,0.0765111111111111
22231,0.0801531746031746
22233,0.453900793650794
22241,0.193830158730159
22242,0.313972222222222
22243,0.14201746031746
22252,0.137130952380952
22258,0.161101587301587
22261,0.115122222222222
22262,0.380790476190476
22266,0.138788888888889
22270,0.150213492063492
22271,0.255762698412698
22272,0.111223015873016
22273,0.14136746031746
22274,0.237869047619048
22277,0.0510801587301587
22278,0.0645150793650794
22279,0.25863253968254
22282,0.147660317460317
22298,0.181353174603175
22304,0.41842619047619
22306,0.31473253968254
22317,0.348587301587302
22321,0.0707095238095238
22322,0.0423103174603175
22325,0.162211904761905
22328,0.0280888888888889
22332,0.139904761904762
22333,0.069147619047619
22335,0.16215873015873
22341,0.101124603174603
22343,0.0975722222222223
22345,0.258729365079365
22347,0.107450793650794
22353,0.0793111111111111
22355,0.0747595238095238
22361,0.268680158730159
22365,0.294524603174603
22366,0.270538888888889
22375,0.251368253968254
22382,0.292500793650794
22387,0.156577777777778
22391,0.370473015873016
22394,0.383783333333333
22407,0.417180952380952
22408,0.202659523809524
22410,0.216554761904762
22422,0.0742587301587301
22423,0.0599714285714285
22424,0.446657936507936
22426,0.0752666666666667
22431,0.133038888888889
22438,0.419595238095238
22441,0.533822222222222
22442,0.0789357142857143
22445,0.239615079365079
22450,0.035547619047619
22453,0.235793650793651
22456,0.0712444444444444
22457,0.179057142857143
22459,0.308620634920635
22464,0.379670634920635
22469,0.349261111111111
22473,0.0929277777777778
22481,0.344269841269841
22482,0.0831230158730159
22485,0.280084920634921
22487,0.176280952380952
22492,0.545994444444445
22493,0.0398031746031746
22494,0.166329365079365
22497,0.217263492063492
22498,0.407634920634921
22500,0.106806349206349
22509,0.349986507936508
22511,0.618320634920635
22515,0.234198412698413
22518,0.169407142857143
22521,0.347376984126984
22525,0.168490476190476
22526,0.181052380952381
22528,0.158153174603175
22533,0.390685714285714
22534,0.259999206349206
22535,0.106477777777778
22536,0.169343650793651
22537,0.0813206349206349
22538,0.0270761904761905
22543,0.162530952380952
22544,0.0904563492063492
22549,0.108652380952381
22551,0.246738888888889
22553,0.142860317460317
22566,0.22791746031746
22567,0.461066666666667
22581,0.288994444444444
22584,0.300959099505819
22585,0.300742857142857
22590,0.0666984126984127
22591,0.0244611111111111
22596,0.142798412698413
22598,0.247469841269841
22599,0.467887301587302
22603,0.421406349206349
22607,0.169342857142857
22612,0.117627777777778
22617,0.289954365079365
22620,0.52576746031746
22622,0.506647619047619
22623,0.101474603174603
22625,0.190635714285714
22630,0.475751587301587
22635,0.203862698412698
22640,0.067151137655611
22643,0.19241746031746
22644,0.187998412698413
22646,0.086884126984127
22647,0.175529365079365
22651,0.403361904761905
22656,0.277962698412698
22660,0.195409523809524
22663,0.521766666666667
22665,0.419315079365079
22672,0.261105555555556
22673,0.351255555555555
22675,0.148744444444444
22676,0.221492857142857
22680,0.115842063492063
22681,0.350954761904762
22684,0.149321428571429
22685,0.163938334972521
22686,0.0971166666666667
22687,0.322557936507937
22690,0.242880952380952
22694,0.213923015873016
22695,0.223089682539683
22699,0.433510317460317
22700,0.193765873015873
22704,0.34347380952381
22712,0.043
22713,0.330619841269841
22724,0.215596825396825
22728,0.250083333333333
22731,0.321996031746032
22738,0.328807936507936
22739,0.325343650793651
22745,0.336368253968254
22746,0.31250873015873
22750,0.300997619047619
22751,0.465065873015873
22753,0.357767676767677
22756,0.28423253968254
22760,0.106828571428571
22763,0.193765079365079
22764,0.167989682539683
22765,0.161295238095238
22767,0.433456349206349
22768,0.142726984126984
22769,0.14185
22772,0.273412698412698
22777,0.325464285714286
22778,0.435288095238095
22779,0.175038095238095
22780,0.14626746031746
22782,0.365133333333333
22784,0.11267380952381
22788,0.138550793650794
22793,0.19014126984127
22796,0.213703968253968
22798,0.142894444444444
22805,0.0801753968253968
22806,0.156477777777778
22808,0.158311111111111
22812,0.0275023809523809
22815,0.130537301587302
22818,0.21367380952381
22827,0.0405611111111111
22836,0.310821428571429
22837,0.0463539682539683
22839,0.12675873015873
22840,0.0946357142857143
22845,0.174319047619048
22846,0.177148412698413
22848,0.303110317460318
22849,0.227657142857143
22852,0.165292063492064
22858,0.080497619047619
22859,0.0718214285714286
22861,0.148679365079365
22866,0.179997619047619
22871,0.0862261904761905
22879,0.295694444444444
22887,0.131930952380952
22893,0.0352031746031746
22898,0.23363253968254
22900,0.126728571428571
22905,0.42866507936508
22909,0.21182380952381
22911,0.332436507936508
22912,0.100252380952381
22915,0.128597619047619
22918,0.181842063492063
22920,0.111063492063492
22929,0.325023809523809
22937,0.383923015873016
22942,0.175384920634921
22945,0.153589682539683
22949,0.183765079365079
22952,0.134493650793651
22953,0.208027777777778
22954,0.345901587301587
22955,0.180233333333333
22957,0.311234126984127
22958,0.212734126984127
22961,0.369252380952381
22964,0.187270634920635
22965,0.210157142857143
22966,0.34335873015873
22970,0.0945357142857143
22972,0.174899206349206
22974,0.363300793650794
22978,0.289054761904762
22981,0.300871428571429
22983,0.295639682539682
22988,0.290829365079365
22990,0.134166666666667
22996,0.399156349206349
22998,0.119452380952381
23002,0.26452380952381
23007,0.0785642857142857
23008,0.237609523809524
23009,0.118792857142857
23012,0.188904761904762
23015,0.14928253968254
23016,0.289214285714286
23017,0.337811904761905
23020,0.198846031746032
23022,0.372595238095238
23024,0.28925873015873
23025,0.396229365079365
23028,0.272203968253968
23030,0.329055555555556
23031,0.211597619047619
23040,0.533085714285714
23043,0.146656349206349
23045,0.438633111219568
23050,0.208059523809524
23051,0.190022222222222
23053,0.15888984962406
23054,0.159936507936508
23055,0.0596047253794207
23057,0.428650793650794
23059,0.0320674603174603
23061,0.274169841269841
23063,0.47297619047619
23064,0.210828847481021
23066,0.0723293650793651
23067,0.171260317460317
23070,0.382429365079365
23071,0.0955531746031746
23074,0.362371428571429
23077,0.344019841269841
23078,0.381743650793651
23087,0.175975396825397
23095,0.242980158730159
23096,0.164180952380952
23097,0.156542063492064
23100,0.190403174603175
23102,0.177887659469585
23103,0.132874603174603
23107,0.423042857142857
23118,0.119227777777778
23121,0.0303619047619048
23131,0.32309126984127
23135,0.159768253968254
23136,0.37572380952381
23137,0.128650793650794
23140,0.141095238095238
23143,0.342250793650794
23144,0.121172222222222
23147,0.105536507936508
23149,0.284256349206349
23151,0.0507968253968254
23155,0.361738095238095
23156,0.26734126984127
23160,0.0844015873015873
23164,0.072965873015873
23168,0.105762698412698
23177,0.487746825396825
23178,0.417185714285714
23182,0.262484126984127
23183,0.103834126984127
23186,0.140892857142857
23188,0.163728571428571
23190,0.46095873015873
23193,0.0743531746031746
23196,0.111103968253968
23199,0.290676984126984
23200,0.0651365079365079
23201,0.296262698412698
23202,0.19276507936508
23216,0.0770134920634921
23223,0.481461904761905
23224,0.104240476190476
23227,0.566505555555556
23232,0.284746031746032
23235,0.266957936507936
23236,0.112614285714286
23237,0.199910317460317
23238,0.396160317460317
23239,0.340773809523809
23241,0.336101587301587
23246,0.485580952380952
23251,0.397046825396825
23252,0.372584126984127
23262,0.292036507936508
23264,0.0665246031746032
23267,0.184276190476191
23269,0.10207619047619
23271,0.224615079365079
23272,0.146650793650794
23273,0.103484920634921
23275,0.152901587301587
23277,0.235821428571429
23279,0.281046825396825
23292,0.316184920634921
23294,0.395184920634921
23295,0.222098412698413
23297,0.393202380952381
23299,0.133138095238095
23302,0.394904761904762
23311,0.311088888888889
23321,0.176500793650794
23323,0.127403174603175
23324,0.434315873015873
23329,0.0685873015873016
23335,0.19710873015873
23345,0.243498412698413
23346,0.392755555555556
23350,0.104570634920635
23354,0.130857936507937
23356,0.36638253968254
23360,0.30325
23362,0.0471214285714286
23366,0.11145873015873
23375,0.248424603174603
23385,0.205546825396825
23388,0.167993650793651
23391,0.1604
23398,0.205075396825397
23399,0.226907936507936
23402,0.177407142857143
23404,0.118423015873016
23405,0.290219047619047
23411,0.272820634920635
23412,0.243005555555556
23414,0.0917396825396826
23416,0.39222380952381
23422,0.110793650793651
23425,0.30550873015873
23429,0.308660317460317
23430,0.15190159490006
23432,0.0418761904761905
23443,0.0595904761904762
23445,0.426928571428571
23449,0.178114285714286
23452,0.102427777777778
23453,0.262579984079808
23455,0.386515873015873
23456,0.330703968253968
23459,0.340252380952381
23460,0.103039682539683
23462,0.285468253968254
23465,0.39007619047619
23468,0.240924603174603
23473,0.504404761904762
23475,0.191330158730159
23477,0.140962698412698
23482,0.357918253968254
23483,0.143018253968254
23488,0.219929365079365
23492,0.19109613398801
23498,0.419977777777778
23501,0.236426190476191
23508,0.141204761904762
23509,0.0484603174603175
23515,0.130790476190476
23522,0.404913492063492
23523,0.185179365079365
23526,0.254684920634921
23538,0.0637992063492064
23541,0.293937301587301
23542,0.163806349206349
23552,0.412883333333333
23557,0.241765873015873
23558,0.313196031746032
23561,0.26174126984127
23563,0.0623738095238095
23565,0.142888888888889
23566,0.266928571428571
23568,0.175304364548581
23570,0.0642944444444444
23575,0.128036507936508
23578,0.108639682539683
23585,0.12999126984127
23586,0.478730952380952
23594,0.192534920634921
23596,0.196004761904762
23598,0.0504277777777778
23608,0.0545380952380952
23609,0.275106147091453
23613,0.123547619047619
23625,0.0722976190476191
23628,0.250507142857143
23631,0.235407142857143
23635,0.173951587301587
23641,0.111407936507936
23643,0.0476634920634921
23645,0.0961682539682539
23646,0.314273015873016
23647,0.0953865079365079
23654,0.355997619047619
23658,0.470064285714286
23665,0.1244
23669,0.0662373015873016
23679,0.12495873015873
23688,0.1475
23689,0.0769404761904762
23693,0.288727777777778
23695,0.10002380952381
23701,0.394766666666667
23702,0.233734920634921
23706,0.313746031746032
23707,0.197770634920635
23709,0.136242063492063
23710,0.0890214285714286
23712,0.386475396825397
23713,0.428679365079365
23714,0.116513492063492
23716,0.268096825396825
23718,0.379948159843656
23720,0.24500873015873
23731,0.20782619047619
23732,0.250924603174603
23733,0.514612698412698
23734,0.239998412698413
23735,0.0774087301587302
23736,0.0514103174603175
23744,0.23845873015873
23748,0.187126984126984
23750,0.293349128477423
23756,0.122888888888889
23759,0.0687611111111111
23760,0.125120634920635
23764,0.285453968253968
23767,0.351480158730159
23768,0.120277777777778
23773,0.055397619047619
23774,0.177912698412698
23784,0.245490476190476
23790,0.192849206349206
23797,0.167996825396825
23798,0.161733333333333
23799,0.414585714285714
23806,0.0934746031746032
23810,0.0752722222222222
23812,0.239445238095238
23813,0.400219047619048
23816,0.197870634920635
23817,0.0912912698412699
23818,0.371930158730159
23823,0.177903174603175
23830,0.0336714285714286
23832,0.232044444444445
23834,0.338375396825397
23835,0.299731746031746
23836,0.245054761904762
23842,0.126901587301587
23843,0.0627738095238095
23844,0.13841746031746
23853,0.0301055555555556
23858,0.302811111111111
23863,0.28623253968254
23864,0.312178571428572
23866,0.0815142857142857
23869,0.459407936507937
23874,0.18201746031746
23878,0.287446962233169
23879,0.166835714285714
23884,0.0517031746031746
23894,0.133576190476191
23895,0.202942063492063
23897,0.0720579365079365
23898,0.285418253968254
23899,0.424502380952381
23901,0.182081746031746
23903,0.428076984126984
23905,0.280400793650794
23907,0.06085
23916,0.42110873015873
23919,0.0745531746031746
23920,0.196135714285714
23921,0.0883436507936508
23925,0.138650793650794
23940,0.225070634920635
23947,0.0315436507936508
23950,0.0525460317460317
23953,0.611406349206349
23955,0.337811904761905
23961,0.0704666666666667
23963,0.124439682539683
23965,0.0527531746031746
23969,0.145738888888889
23970,0.442286524689704
23971,0.123715873015873
23977,0.0306769841269841
23980,0.153349206349206
23982,0.272546031746032
23987,0.435454761904762
23989,0.296836507936508
23994,0.40338253968254
23995,0.356365079365079
23996,0.291145238095238
24000,0.169276984126984
24003,0.135296825396825
24014,0.525338095238095
24015,0.201419841269841
24021,0.158216666666667
24022,0.0603087301587301
24023,0.226198412698413
24025,0.244484126984127
24029,0.274903968253968
24030,0.263103968253968
24031,0.289296031746032
24034,0.141320634920635
24040,0.139361904761905
24043,0.351825396825397
24046,0.141803174603175
24047,0.244703968253968
24048,0.30958253968254
24051,0.474848412698413
24059,0.188250793650794
24064,0.0585079365079365
24066,0.102109523809524
24078,0.165146031746032
24079,0.109579365079365
24082,0.0382452380952381
24085,0.322770634920635
24086,0.225505555555556
24089,0.253901587301587
24090,0.125546825396825
24097,0.333940476190476
24099,0.0757333333333333
24101,0.313915873015873
24102,0.243034126984127
24103,0.0354634920634921
24107,0.420040476190476
24109,0.143988095238095
24110,0.0411960317460317
24111,0.0900190476190477
24113,0.102588888888889
24114,0.220096031746032
24118,0.325921428571429
24124,0.0755746031746032
24125,0.229049206349206
24129,0.0448452380952381
24135,0.317194444444444
24137,0.102325396825397
24138,0.39261746031746
24139,0.119434126984127
24148,0.213193650793651
24150,0.206345238095238
24151,0.432095238095238
24152,0.264414285714286
24155,0.565054761904762
24167,0.260172222222222
24169,0.277152380952381
24172,0.266307142857143
24182,0.297253174603175
24185,0.502042857142857
24189,0.40292380952381
24195,0.468646825396826
24196,0.154652236652237
24204,0.0339706349206349
24212,0.32443253968254
24215,0.385680952380952
24217,0.178663933470907
24220,0.2521
24228,0.120790476190476
24231,0.234078571428571
24237,0.129879365079365
24238,0.160880952380952
24239,0.346993650793651
24249,0.333514285714286
24253,0.133104761904762
24256,0.126801587301587
24258,0.20744126984127
24259,0.421105555555556
24260,0.124779365079365
24263,0.142019841269841
24269,0.0709896825396825
24272,0.274274603174603
24278,0.283510317460317
24279,0.0991769841269842
24281,0.338306349206349
24285,0.568064285714285
24287,0.18490873015873
24289,0.0752769841269841
24290,0.143609523809524
24291,0.0248555555555556
24293,0.120795238095238
24297,0.154312698412698
24307,0.207896825396825
24308,0.152264285714286
24311,0.132502380952381
24322,0.0420793650793651
24336,0.215516666666667
24337,0.419880158730159
24341,0.120780158730159
24348,0.194483333333333
24354,0.350998412698413
24355,0.0836579365079365
24356,0.288224603174603
24359,0.0950619047619048
24360,0.4216
24361,0.387252380952381
24362,0.159357142857143
24364,0.0353611111111111
24366,0.209085714285714
24368,0.201129365079365
24372,0.0673563492063492
24373,0.0788309523809523
24384,0.128554761904762
24385,0.127518253968254
24391,0.10107619047619
24392,0.21906746031746
24393,0.352622222222222
24397,0.22564126984127
24402,0.221380952380952
24403,0.371310317460317
24404,0.130242857142857
24405,0.246938095238095
24412,0.336601587301588
24421,0.0468753968253968
24432,0.242980952380952
24435,0.414736507936508
24439,0.309884920634921
24444,0.382173015873016
24446,0.0763952380952381
24451,0.182459523809524
24453,0.359604761904762
24458,0.262138095238095
24463,0.15657619047619
24469,0.078702380952381
24475,0.16809126984127
24477,0.031818253968254
24486,0.301546031746032
24487,0.275413492063492
24488,0.200444444444444
24489,0.252173015873016
24490,0.328550793650794
24491,0.231865873015873
24496,0.0985626984126984
24503,0.258827432712215
24508,0.150777777777778
24512,0.286834126984127
24514,0.369369841269841
24519,0.0592547619047619
24520,0.285114285714286
24521,0.0367071428571428
24522,0.0528896825396825
24525,0.0585563492063492
24534,0.298030158730159
24536,0.135239682539683
24537,0.0726031746031746
24539,0.148384920634921
24541,0.108606349206349
24549,0.211328571428571
24551,0.0596611111111111
24554,0.331062698412698
24562,0.251337301587302
24563,0.247470634920635
24567,0.128784920634921
24569,0.370931746031746
24573,0.113175396825397
24576,0.0800960317460317
24584,0.295030952380953
24591,0.120838095238095
24592,0.406819841269841
24593,0.184027777777778
24595,0.290346031746032
24598,0.286046031746032
24599,0.170926984126984
24602,0.350764285714286
24603,0.27361323802284
24604,0.153414285714286
24605,0.0386777777777778
24610,0.194269841269841
24613,0.454810317460317
24614,0.487704761904762
24615,0.319189682539682
24619,0.210353968253968
24621,0.213757142857143
24625,0.180446825396825
24630,0.327770634920635
24631,0.0740206349206349
24632,0.046852380952381
24636,0.332429365079365
24643,0.148285714285714
24647,0.23097380952381
24648,0.410854761904762
24653,0.352900793650794
24654,0.0500896825396825
24656,0.0373031746031746
24662,0.390764542329742
24673,0.321953858784893
24674,0.208212698412698
24681,0.0597039682539683
24682,0.116907960608238
24683,0.537048412698413
24693,0.0549396825396825
24694,0.0487238095238095
24695,0.311424603174603
24699,0.11325
24705,0.126130952380952
24710,0.24614126984127
24719,0.501168253968254
24729,0.220178571428571
24738,0.381423015873016
24739,0.20582619047619
24743,0.176452380952381
24744,0.129653174603175
24748,0.116946825396825
24752,0.134788543823326
24756,0.100846031746032
24762,0.0471825396825397
24764,0.492288095238095
24770,0.221095238095238
24773,0.152256349206349
24787,0.126305555555556
24788,0.161076984126984
24791,0.0681246031746032
24796,0.0862126984126984
24800,0.223231746031746
24801,0.132826984126984
24805,0.128972222222222
24807,0.0923968253968254
24810,0.0814714285714285
24813,0.0905801587301588
24822,0.465679365079365
24824,0.398432539682539
24830,0.176602380952381
24837,0.430746031746032
24838,0.155199206349206
24840,0.0340349206349206
24841,0.437384920634921
24848,0.359669047619047
24849,0.0784666666666666
24850,0.123861111111111
24852,0.339101587301587
24854,0.325675396825397
24857,0.273443650793651
24859,0.0984444444444445
24865,0.0633095238095238
24869,0.399162698412698
24875,0.321240476190476
24877,0.0482944444444444
24883,0.0845476190476191
24886,0.238714272727273
24887,0.172786507936508
24890,0.175088888888889
24891,0.0926992063492064
24899,0.249188888888889
24900,0.359880158730159
24905,0.315128571428572
24906,0.329266666666667
24907,0.183168253968254
24908,0.331027777777778
24913,0.12769126984127
24914,0.41036746031746
24915,0.226418253968254
24918,0.116748412698413
24920,0.22325873015873
24929,0.0483261904761905
24931,0.359483333333333
24932,0.246596825396825
24937,0.44244126984127
24945,0.279853968253968
24948,0.0734174603174603
24950,0.227379365079365
24951,0.122516666666667
24954,0.158876984126984
24956,0.0492285714285714
24967,0.349852380952381
24969,0.271892857142857
24971,0.213519496204279
24973,0.217950793650794
24975,0.154000793650794
24982,0.397857142857143
24983,0.169415079365079
24986,0.0398103174603175
24990,0.296406349206349
24992,0.463696825396825
24995,0.122326984126984
24996,0.136970634920635
24999,0.079684126984127
25001,0.133969841269841
25002,0.364619047619048
25003,0.192187301587302
25008,0.0785611111111111
25013,0.0881452380952381
25015,0.190684920634921
25017,0.406924603174603
25020,0.103648412698413
25022,0.178592857142857
25028,0.311135714285714
25029,0.238111111111111
25034,0.415511904761905
25036,0.215827777777778
25037,0.242742857142857
25038,0.487770634920635
25040,0.308553174603175
25042,0.206135714285714
25043,0.142571428571429
25050,0.204696031746032
25052,0.169287147749745
25053,0.117275396825397
25058,0.49222380952381
25061,0.286750793650794
25065,0.0871698412698413
25068,0.302355555555556
25069,0.209910317460317
25073,0.0356722222222222
25080,0.348601587301587
25082,0.237092063492063
25085,0.368507936507936
25086,0.314100793650794
25087,0.304953174603175
25090,0.105890476190476
25092,0.137074603174603
25095,0.149211904761905
25098,0.0598253968253968
25104,0.106779365079365
25105,0.0304746031746032
25111,0.121492063492064
25112,0.331009523809524
25115,0.44856746031746
25116,0.118518253968254
25119,0.376224603174603
25120,0.096381746031746
25122,0.173277777777778
25125,0.191751587301587
25134,0.291193650793651
25142,0.224596031746032
25143,0.118127777777778
25147,0.305477777777778
25152,0.101057142857143
25155,0.0483873015873016
25159,0.178016666666667
25162,0.0889944444444444
25167,0.136262698412698
25176,0.0872373015873016
25178,0.49516746031746
25181,0.205357936507937
25182,0.345484920634921
25184,0.0905
25185,0.257936507936508
25189,0.0948587301587302
25190,0.187926984126984
25195,0.145114285714286
25202,0.220664285714286
25206,0.141778571428572
25209,0.109451587301587
25213,0.0950650793650793
25214,0.108499206349206
25216,0.175405555555556
25217,0.239218253968254
25221,0.165878571428571
25225,0.232760317460317
25229,0.0774714285714286
25236,0.48005873015873
25240,0.212186507936508
25244,0.284514285714286
25247,0.228225396825397
25248,0.10570873015873
25257,0.275711111111111
25258,0.0826531746031746
25259,0.251172222222222
25261,0.0870253968253968
25265,0.140177777777778
25275,0.106200793650794
25276,0.172280952380952
25278,0.281993650793651
25282,0.339894444444444
25288,0.389471428571429
25289,0.0835785714285714
25290,0.136557142857143
25293,0.151734920634921
25294,0.0389111111111111
25296,0.139002829537612
25297,0.121130158730159
25298,0.0837873015873016
25302,0.163101587301587
25304,0.174622222222222
25305,0.0851722222222223
25306,0.425193650793651
25308,0.107209523809524
25311,0.225535714285714
25314,0.217766666666667
25315,0.179586507936508
25320,0.359280952380952
25321,0.340268253968254
25324,0.182073015873016
25343,0.0308150793650794
25347,0.0850111111111111
25352,0.179015079365079
25357,0.404268253968254
25358,0.131634126984127
25360,0.164802380952381
25362,0.112253968253968
25368,0.45474126984127
25371,0.385722222222222
25375,0.456107142857143
25383,0.0822952380952381
25392,0.165633333333333
25405,0.127137301587302
25407,0.19764126984127
25408,0.150407142857143
25411,0.43742619047619
25412,0.359469841269841
25414,0.219239682539683
25416,0.114315873015873
25421,0.210862698412699
25426,0.349490476190476
25431,0.371021428571429
25433,0.357773015873016
25440,0.17118253968254
25444,0.173539682539682
25446,0.0261920634920635
25451,0.158488888888889
25452,0.0760373015873016
25453,0.133238095238095
25462,0.114638095238095
25463,0.0545301587301587
25464,0.109611111111111
25472,0.0485095238095238
25473,0.144103174603175
25474,0.45654126984127
25476,0.0833047619047619
25479,0.204133333333333
25480,0.154579365079365
25484,0.394593650793651
25485,0.0451904761904762
25486,0.0862198412698413
25490,0.269306349206349
25497,0.204168253968254
25502,0.163438095238095
25506,0.0813992063492063
25510,0.271059523809524
25512,0.13623253968254
25513,0.236397619047619
25519,0.105639682539683
25521,0.0531936507936508
25523,0.244497619047619
25527,0.0777126984126984
25528,0.0799690476190476
25530,0.293515873015873
25534,0.156198412698413
25539,0.399040476190476
25540,0.114480952380952
25546,0.0637833333333333
25548,0.281815079365079
25551,0.351740476190476
25553,0.11752619047619
25554,0.052265873015873
25557,0.47768253968254
25563,0.38117380952381
25564,0.316311111111111
25570,0.396949206349206
25571,0.140705555555556
25577,0.19301746031746
25582,0.140313492063492
25588,0.507446031746032
25592,0.0393444444444444
25595,0.072618253968254
25598,0.15404126984127
25600,0.133153968253968
25604,0.179764285714286
25607,0.472936507936508
25608,0.0367230158730159
25620,0.0342952380952381
25621,0.376726984126984
25624,0.076415873015873
25633,0.191350793650794
25634,0.197419841269841
25637,0.0696007936507936
25642,0.110911904761905
25648,0.350585714285714
25651,0.351353968253968
25652,0.266212698412699
25657,0.115292063492064
25660,0.31315
25665,0.123981746031746
25672,0.067852380952381
25673,0.287834920634921
25678,0.223683333333333
25680,0.118998412698413
25681,0.349423015873016
25683,0.115255555555556
25687,0.0425936507936508
25695,0.0836825396825397
25699,0.302989682539682
25700,0.404587301587301
25703,0.395179365079365
25704,0.0738809523809524
25707,0.202243650793651
25710,0.416007936507936
25715,0.427261904761905
25716,0.080615873015873
25717,0.18870873015873
25738,0.166699206349206
25741,0.104018253968254
25743,0.189322222222222
25747,0.191214285714286
25749,0.197661904761905
25750,0.0415222222222222
25755,0.0794349206349206
25756,0.168938095238095
25757,0.116846825396825
25763,0.273407142857143
25765,0.145064285714286
25771,0.219419841269841
25772,0.114813492063492
25781,0.153269047619048
25785,0.337684126984127
25786,0.254407142857143
25788,0.207489682539683
25790,0.194471428571429
25797,0.0432473490384534
25799,0.373392857142857
25800,0.162253968253968
25801,0.321683333333333
25802,0.0928555555555555
25804,0.0973626984126984
25805,0.452168253968254
25808,0.288419841269841
25811,0.111956349206349
25813,0.385350793650794
25815,0.0450047619047619
25816,0.317602380952381
25826,0.261861111111111
25828,0.438788095238095
25829,0.116569047619048
25832,0.0196174603174603
25833,0.059618253968254
25834,0.473985714285714
25837,0.25159126984127
25838,0.230753968253968
25839,0.311037301587302
25840,0.278673015873016
25844,0.347344444444444
25847,0.276103968253968
25851,0.284107936507937
25854,0.554749206349206
25860,0.50825873015873
25864,0.169143650793651
25866,0.403995238095238
25867,0.0523404761904762
25869,0.141094444444444
25871,0.120755555555556
25872,0.0975420634920635
25873,0.0493095238095238
25874,0.068781746031746
25876,0.0868007936507937
25887,0.215425396825397
25888,0.22645
25890,0.35795
25897,0.0899555555555556
25900,0.0841507936507937
25901,0.280811904761905
25902,0.104630952380952
25904,0.210265333333333
25905,0.111973015873016
25909,0.141813492063492
25915,0.130526984126984
25916,0.295902380952381
25920,0.173505555555556
25928,0.409131746031746
25936,0.209602380952381
25937,0.0546523809523809
25941,0.234485714285714
25942,0.393665873015873
25946,0.243219841269841
25947,0.267755210489993
25949,0.233955555555556
25952,0.066765873015873
25953,0.136596031746032
25955,0.145446031746032
25958,0.327357936507936
25961,0.0796769841269841
25963,0.109438888888889
25964,0.152337301587302
25965,0.238048412698413
25967,0.179649206349206
25968,0.0168007936507936
25969,0.349457936507936
25972,0.0994103174603174
25973,0.356084920634921
25977,0.293319047619048
25978,0.146169841269841
25979,0.0859484126984127
25981,0.161337301587302
25983,0.0349746031746032
25984,0.084097619047619
25985,0.230126190476191
25997,0.0851309523809524
25999,0.190536507936508
26000,0.240596825396825
26006,0.0952746031746032
26008,0.141576984126984
26011,0.285988095238095
26012,0.124592063492064
26015,0.0713595238095238
26019,0.548527777777778
26023,0.0437253968253968
26024,0.124812698412698
26032,0.264293650793651
26042,0.0703277777777778
26044,0.0726587301587302
26046,0.10292380952381
26049,0.0879936507936508
26062,0.359796825396825
26065,0.368194444444444
26066,0.364301587301587
26067,0.20913253968254
26069,0.446048412698412
26070,0.0374293650793651
26071,0.313055555555556
26080,0.178218253968254
26081,0.241443650793651
26084,0.110038095238095
26092,0.158185714285714
26097,0.177886507936508
26100,0.439966666666667
26103,0.149799206349206
26104,0.163673015873016
26106,0.198362698412698
26112,0.164157142857143
26113,0.330984126984127
26115,0.0455738095238095
26118,0.353847619047619
26121,0.534495238095238
26122,0.462948412698413
26125,0.200248031900785
26126,0.339493650793651
26128,0.287127777777778
26129,0.0517206349206349
26135,0.0538857142857143
26136,0.194160317460318
26141,0.0478388888888889
26142,0.0450007936507937
26144,0.12365873015873
26148,0.0732087301587302
26149,0.242788095238095
26166,0.282988888888889
26170,0.262096825396825
26182,0.135098412698413
26183,0.244316666666667
26186,0.151780158730159
26192,0.150211904761905
26195,0.399365873015873
26198,0.388762698412699
26199,0.179603174603175
26201,0.326144444444444
26202,0.202238888888889
26204,0.183531746031746
26207,0.0862087301587302
26210,0.187526984126984
26217,0.11488253968254
26218,0.0441880952380952
26224,0.459446825396825
26227,0.369303968253968
26229,0.173307142857143
26233,0.248580952380952
26234,0.0435031746031746
26238,0.285990476190476
26240,0.0389015873015873
26242,0.280980952380953
26244,0.122861904761905
26245,0.253748412698413
26246,0.368110317460317
26254,0.198951587301587
26256,0.136799206349206
26257,0.416762698412699
26263,0.342687301587302
26265,0.215070634920635
26266,0.0688976190476191
26271,0.462196825396825
26276,0.183369841269841
26280,0.167635714285714
26281,0.125472222222222
26282,0.260618253968254
26285,0.388975396825397
26287,0.0884968253968254
26292,0.314116666666667
26297,0.0862920634920635
26301,0.0493888888888889
26303,0.151211904761905
26311,0.502339682539683
26314,0.0982611111111111
26320,0.124380158730159
26321,0.196648412698413
26324,0.174306349206349
26327,0.532619322344322
26334,0.406228571428571
26335,0.25676746031746
26338,0.428855555555555
26340,0.117361111111111
26346,0.140453174603175
26350,0.344013492063492
26352,0.189045686680469
26353,0.206115873015873
26354,0.127070634920635
26355,0.124846031746032
26357,0.135847619047619
26364,0.145459523809524
26367,0.0931976190476191
26368,0.239960533910534
26369,0.0486507936507937
26370,0.058631746031746
26387,0.40375873015873
26392,0.126976984126984
26393,0.192138095238095
26394,0.255121428571429
26397,0.0572920634920635
26398,0.220169047619048
26400,0.148547619047619
26409,0.239030158730159
26410,0.112419841269841
26419,0.323345099167502
26421,0.512530158730159
26422,0.606403968253968
26423,0.0645849206349206
26425,0.0433214285714286
26427,0.250450793650794
26429,0.273760317460317
26431,0.0519539682539682
26436,0.308734920634921
26437,0.15886746031746
26438,0.228877056277056
26448,0.179659523809524
26456,0.149551587301587
26459,0.100765873015873
26460,0.451061111111111
26463,0.470147619047619
26464,0.19826746031746
26470,0.383087301587301
26475,0.110243650793651
26477,0.427518253968254
26481,0.137560317460317
26483,0.150074603174603
26484,0.27452380952381
26487,0.121134920634921
26489,0.112312698412698
26490,0.30060873015873
26493,0.159070634920635
26496,0.368448412698413
26497,0.446003968253968
26499,0.0685436507936508
26500,0.155571428571429
26501,0.332466666666667
26504,0.146304761904762
26505,0.105657936507937
26506,0.244016666666667
26508,0.110653174603175
26509,0.0665619047619047
26512,0.0598412698412698
26516,0.040065873015873
26517,0.334152380952381
26521,0.114247619047619
26524,0.0883126984126984
26527,0.117033333333333
26530,0.0672563492063492
26531,0.0658063492063492
26532,0.155768253968254
26533,0.167961904761905
26536,0.0810007936507937
26538,0.341823809523809
26539,0.33869126984127
26544,0.132789682539683
26547,0.152651587301587
26549,0.306168925518925
26552,0.13577619047619
26553,0.183106349206349
26556,0.497896031746032
26557,0.269292857142857
26559,0.061668253968254
26562,0.207298412698413
26566,0.39016746031746
26567,0.229822222222222
26579,0.356668253968254
26581,0.151690476190476
26587,0.0403071428571428
26591,0.12372380952381
26593,0.15503253968254
26596,0.184761111111111
26597,0.242521428571429
26598,0.287509523809524
26599,0.098565873015873
26603,0.141296825396825
26606,0.118522222222222
26607,0.387489682539683
26614,0.0583579365079365
26616,0.335406349206349
26617,0.204384920634921
26619,0.450043650793651
26622,0.459845238095238
26623,0.364927777777778
26624,0.24275
26625,0.504303127917834
26628,0.0963904761904762
26629,0.359418253968254
26640,0.318802380952381
26641,0.346938095238095
26642,0.199330952380952
26645,0.109122222222222
26646,0.435294444444445
26647,0.158019047619048
26649,0.309055555555556
26656,0.0578166666666667
26658,0.0360873015873016
26659,0.35102380952381
26661,0.321596825396825
26664,0.218899206349206
26665,0.183956349206349
26669,0.274015873015873
26671,0.187176984126984
26672,0.117046031746032
26688,0.134244444444444
26696,0.309557142857143
26697,0.158797619047619
26698,0.138211904761905
26699,0.20049126984127
26700,0.118006349206349
26702,0.140537301587302
26704,0.131765873015873
26706,0.172938888888889
26711,0.0757213675213675
26713,0.28482380952381
26715,0.153892857142857
26721,0.12551746031746
26728,0.012052380952381
26729,0.13767380952381
26730,0.066315873015873
26737,0.300844444444444
26739,0.280539682539682
26742,0.485903968253968
26749,0.346024603174603
26752,0.270475396825397
26755,0.416887301587301
26756,0.201757142857143
26765,0.0483206349206349
26778,0.166213492063492
26783,0.293068253968254
26787,0.125398412698413
26788,0.105761904761905
26791,0.23122380952381
26793,0.0998952380952381
26794,0.0701325396825397
26795,0.234494444444445
26798,0.144130952380952
26800,0.258346825396826
26809,0.200442857142857
26812,0.411426984126984
26815,0.189909523809524
26819,0.329703968253968
26826,0.347572222222222
26829,0.140798412698413
26832,0.427163492063492
26835,0.252861111111111
26837,0.473864285714286
26839,0.410846825396825
26840,0.417373015873016
26844,0.478368253968254
26848,0.0554142857142857
26856,0.428376190476191
26857,0.311680158730159
26858,0.362168253968254
26860,0.212694444444444
26861,0.0439484126984127
26862,0.107168253968254
26867,0.359214285714286
26873,0.0407746031746032
26878,0.22655873015873
26881,0.415633333333333
26882,0.345122222222223
26889,0.155394444444444
26894,0.104985714285714
26895,0.0326285714285714
26900,0.0410071428571429
26904,0.211646031746032
26907,0.314170634920635
26909,0.227614285714286
26914,0.119126984126984
26918,0.0609539682539683
26919,0.134356349206349
26921,0.0743611111111111
26922,0.132853968253968
26924,0.170834920634921
26927,0.339175396825397
26932,0.282794444444444
26933,0.0267539682539682
26941,0.475476190476191
26942,0.0532761904761905
26944,0.241860317460318
26947,0.0993984126984127
26952,0.113370634920635
26956,0.158924603174603
26959,0.10952619047619
26961,0.181121428571429
26963,0.260840476190476
26967,0.301487301587302
26968,0.203661111111111
26969,0.0492253968253968
26971,0.0771753968253968
26972,0.135257936507937
26976,0.288853968253968
26988,0.417922222222222
26990,0.157446031746032
26992,0.423509523809524
26993,0.130512698412698
27001,0.232605555555556
27004,0.14021746031746
27006,0.284554761904762
27008,0.218283333333333
27010,0.442131746031746
27012,0.411972222222222
27016,0.0440103174603175
27017,0.199800793650794
27021,0.541857142857143
27026,0.495188888888889
27033,0.0533166666666667
27035,0.0778563492063492
27037,0.200813945316588
27038,0.0932722222222222
27040,0.167637301587302
27043,0.316442063492063
27048,0.235754761904762
27049,0.104534920634921
27051,0.125961904761905
27057,0.0620531746031746
27058,0.138207936507937
27061,0.1997
27068,0.105888888888889
27069,0.0333396825396825
27073,0.271220634920635
27077,0.399079365079365
27082,0.352909523809524
27083,0.360884920634921
27084,0.205615873015873
27086,0.119703968253968
27088,0.0598952380952381
27094,0.14757619047619
27109,0.0740698412698413
27111,0.064297619047619
27116,0.0194634920634921
27119,0.0792420634920635
27125,0.419079365079365
27127,0.0161444444444444
27133,0.146819841269841
27141,0.362192857142857
27142,0.111284575569358
27146,0.0339825396825397
27147,0.054634126984127
27149,0.0556539682539682
27153,0.258131746031746
27156,0.0809166666666667
27158,0.012518253968254
27159,0.188672222222222
27162,0.0594047619047619
27165,0.0838793650793651
27166,0.204548412698413
27171,0.192851587301587
27175,0.033315873015873
27176,0.243289682539683
27180,0.0759515873015873
27181,0.198260317460317
27183,0.454111904761905
27186,0.28961746031746
27187,0.0345134920634921
27188,0.203203174603175
27194,0.130279365079365
27198,0.0926746031746032
27206,0.104011111111111
27208,0.0596515873015873
27211,0.245800216450216
27213,0.150474603174603
27225,0.0790603174603175
27226,0.148270634920635
27227,0.241579365079365
27230,0.134895238095238
27233,0.410709523809523
27237,0.119211904761905
27241,0.0677793650793651
27247,0.14357380952381
27251,0.150942857142857
27254,0.125916666666667
27255,0.0864769841269841
27259,0.409027777777778
27262,0.0945238095238096
27265,0.226071428571429
27267,0.0479349206349206
27272,0.449149206349206
27275,0.068597619047619
27279,0.148689682539683
27280,0.0683031746031746
27282,0.0749428571428571
27283,0.136412698412699
27293,0.188142857142857
27295,0.0822436507936508
27298,0.079584126984127
27299,0.316307142857143
27301,0.312940476190476
27304,0.144966666666667
27305,0.144396825396825
27309,0.244769870803034
27312,0.125678571428571
27317,0.051265873015873
27319,0.116519841269841
27320,0.181579365079365
27322,0.141169841269841
27327,0.0613928571428571
27333,0.0458873015873016
27334,0.263323015873016
27337,0.11233253968254
27341,0.351175396825397
27345,0.167240476190476
27349,0.192163492063492
27351,0.395865079365079
27359,0.287780158730159
27361,0.463184126984127
27363,0.0496
27364,0.348724603174603
27367,0.382483333333333
27368,0.165953174603175
27372,0.0481309523809524
27375,0.0916206349206349
27376,0.132534920634921
27377,0.165202380952381
27379,0.186702380952381
27380,0.300957142857143
27383,0.0608960317460317
27384,0.261561904761905
27385,0.0387619047619048
27386,0.398840476190476
27388,0.0789420634920635
27391,0.106512698412698
27394,0.468919841269841
27395,0.431446825396826
27397,0.452893650793651
27398,0.127663492063492
27401,0.207384920634921
27403,0.29995
27409,0.0157746031746032
27410,0.0885087301587302
27414,0.247388888888889
27415,0.0766690476190476
27417,0.27598253968254
27420,0.192834126984127
27423,0.14285873015873
27424,0.382380952380952
27425,0.157235714285714
27429,0.0823912698412698
27431,0.248583333333333
27434,0.343286507936508
27437,0.143835714285714
27438,0.165772222222222
27445,0.101294444444444
27446,0.130589682539683
27462,0.261822222222222
27470,0.131146825396825
27472,0.307218253968254
27479,0.0610111111111111
27481,0.341919841269841
27482,0.541045238095238
27483,0.109896825396825
27485,0.44585873015873
27488,0.413946031746032
27496,0.0770579365079365
27500,0.011131746031746
27505,0.229801587301587
27507,0.0440888888888889
27508,0.15431746031746
27512,0.0499214285714286
27518,0.204496825396825
27521,0.123838888888889
27526,0.287105555555555
27530,0.121819047619048
27531,0.422655555555555
27532,0.366913492063492
27537,0.21566746031746
27539,0.0763023809523809
27542,0.383301587301587
27544,0.477729365079365
27548,0.145152380952381
27551,0.0585865079365079
27554,0.314251587301587
27555,0.198960317460318
27568,0.0181428571428571
27569,0.436449206349206
27576,0.37145
27589,0.193388095238095
27592,0.196828571428571
27595,0.384475396825397
27597,0.0335404761904762
27601,0.354915873015873
27607,0.0698047619047619
27608,0.134221428571429
27609,0.237684126984127
27614,0.471326190476191
27616,0.027652380952381
27621,0.211415079365079
27623,0.117071428571429
27630,0.0244928571428571
27632,0.252895238095238
27633,0.303955555555556
27641,0.11307619047619
27646,0.102113492063492
27648,0.361046031746032
27655,0.0584746031746032
27657,0.441664285714286
27659,0.301992063492063
27665,0.248756349206349
27668,0.0983611111111111
27671,0.0982865079365079
27672,0.144113492063492
27673,0.0219238095238095
27674,0.0382301587301587
27679,0.469410317460317
27681,0.153742857142857
27683,0.2755
27684,0.297235369220152
27686,0.323974603174603
27692,0.18775873015873
27693,0.263799206349206
27694,0.151615079365079
27696,0.352760317460317
27698,0.345264285714286
27703,0.212130158730159
27708,0.388119841269841
27709,0.253873015873016
27710,0.139656349206349
27715,0.197716666666667
27717,0.21124126984127
27719,0.209710317460317
27722,0.202410317460318
27726,0.421230158730159
27730,0.049065873015873
27732,0.147888095238095
27733,0.139934920634921
27735,0.017231746031746
27741,0.0954174603174603
27742,0.120853174603175
27747,0.230285714285714
27751,0.103196031746032
27758,0.194857142857143
27764,0.510288888888889
27765,0.176215873015873
27767,0.27184126984127
27768,0.0212547619047619
27769,0.220934126984127
27776,0.126476984126984
27783,0.407833660130719
27786,0.315229365079365
27787,0.145549206349206
27793,0.0655031746031746
27801,0.244946825396825
27804,0.0983920634920635
27805,0.274079365079365
27813,0.14503253968254
27816,0.31976746031746
27819,0.109462698412698
27823,0.148701587301587
27824,0.0978460317460317
27831,0.449852380952381
27835,0.433126984126984
27836,0.110776984126984
27837,0.24909126984127
27838,0.40877380952381
27839,0.134202380952381
27845,0.0913420634920635
27850,0.205743650793651
27854,0.105944444444444
27856,0.112887920960838
27859,0.0564507936507936
27865,0.107928571428571
27868,0.305369047619048
27869,0.14127380952381
27878,0.387115873015873
27879,0.14675873015873
27883,0.365065873015873
27884,0.10136746031746
27886,0.481119841269841
27887,0.192163492063492
27890,0.197939682539682
27892,0.0581126984126984
27893,0.0911301587301587
27895,0.117214285714286
27903,0.158448412698413
27908,0.221618253968254
27911,0.346909523809524
27917,0.109792857142857
27921,0.122870634920635
27922,0.223479365079365
27929,0.459946825396825
27942,0.08865
27943,0.312153174603175
27951,0.0991174603174603
27956,0.250077777777778
27962,0.125122222222222
27964,0.105054761904762
27968,0.20089126984127
27969,0.359843650793651
27972,0.359595238095238
27973,0.421979365079365
27978,0.127076984126984
27983,0.165936507936508
27993,0.117994444444444
28002,0.403380158730159
28005,0.199003174603174
28006,0.229359523809524
28010,0.224953174603175
28017,0.203717388167388
28020,0.109109523809524
28028,0.361457142857143
28029,0.103313492063492
28030,0.399631746031746
28037,0.299224603174603
28038,0.0947960317460318
28044,0.334692857142857
28047,0.19635
28048,0.127726984126984
28050,0.103475396825397
28051,0.0390888888888889
28052,0.189275396825397
28054,0.0375984126984127
28058,0.13629126984127
28064,0.281921428571429
28065,0.168765079365079
28067,0.109942857142857
28072,0.220868253968254
28077,0.0525214285714286
28081,0.0226333333333333
28085,0.193816666666667
28091,0.293253174603175
28092,0.420492063492063
28095,0.224369841269841
28098,0.335111904761905
28099,0.192223015873016
28108,0.286975396825397
28111,0.075415873015873
28113,0.0933222222222222
28115,0.225674603174603
28118,0.0567650793650794
28123,0.182107142857143
28124,0.0771920634920635
28130,0.0960119047619048
28131,0.0923214285714286
28133,0.208724603174603
28142,0.304996825396825
28143,0.163475396825397
28146,0.172078571428571
28152,0.422711904761905
28153,0.0353880952380952
28156,0.47746746031746
28158,0.153998412698413
28162,0.323065873015873
28163,0.100594444444444
28170,0.0901222222222222
28173,0.0586825396825397
28174,0.419346031746032
28177,0.167487301587302
28179,0.320754761904762
28180,0.0406650793650794
28181,0.185107936507936
28185,0.392313275613276
28186,0.15353253968254
28189,0.0207555555555556
28190,0.212813492063492
28192,0.0832515873015873
28197,0.415573015873016
28198,0.197387301587302
28202,0.278595238095238
28203,0.0398952380952381
28204,0.23984126984127
28205,0.2953
28209,0.233703174603175
28210,0.510069841269841
28214,0.126096031746032
28221,0.524027777777778
28222,0.46855
28227,0.228735714285714
28229,0.161721679197995
28238,0.123224603174603
28248,0.079015873015873
28255,0.130240476190476
28260,0.148692063492063
28266,0.215036507936508
28269,0.418607936507936
28271,0.439752545646778
28278,0.0731849206349207
28293,0.0507047619047619
28298,0.32634126984127
28305,0.109260317460317
28307,0.163805555555555
28310,0.0845015873015874
28313,0.126846031746032
28316,0.236962698412698
28321,0.131753968253968
28323,0.0147388888888889
28325,0.131996031746032
28326,0.209353174603174
28332,0.404574603174603
28339,0.0576793650793651
28342,0.199688095238095
28343,0.260486507936508
28344,0.306792063492064
28345,0.275314285714286
28348,0.443122222222223
28352,0.188713492063492
28353,0.371275396825397
28356,0.0631825396825397
28359,0.195100793650794
28366,0.048765873015873
28368,0.270910317460318
28374,0.350084126984127
28375,0.12612619047619
28380,0.21199126984127
28381,0.106749206349206
28390,0.329779365079365
28393,0.303097619047619
28394,0.065134126984127
28396,0.47072380952381
28409,0.220272222222222
28410,0.179671428571429
28412,0.246961904761905
28415,0.296239682539683
28417,0.0921484126984127
28418,0.139512698412698
28419,0.144390476190476
28424,0.17778253968254
28431,0.485376190476191
28432,0.106664285714286
28433,0.227896825396825
28434,0.0697285714285714
28440,0.326530158730159
28442,0.14675
28443,0.178742063492063
28451,0.408942857142857
28455,0.161530952380952
28457,0.240421428571429
28458,0.336533333333333
28461,0.116734126984127
28463,0.097265873015873
28469,0.130733333333333
28470,0.246465079365079
28472,0.235994893029676
28476,0.0115722222222222
28479,0.294092063492063
28480,0.102866666666667
28482,0.413816666666667
28483,0.344419047619048
28485,0.294707936507936
28487,0.313392857142857
28489,0.0940134920634921
28492,0.127506349206349
28493,0.136662698412698
28496,0.335333333333333
28497,0.0430460317460317
28499,0.39659126984127
28504,0.0534857142857143
28505,0.473065079365079
28514,0.226215873015873
28518,0.0860920634920635
28521,0.28415873015873
28522,0.0437698412698413
28526,0.238168253968254
28528,0.159503968253968
28530,0.310875396825397
28536,0.0520801587301587
28540,0.0984785714285714
28546,0.123378571428571
28550,0.143636507936508
28551,0.100655555555556
28552,0.0739801587301587
28561,0.122815079365079
28566,0.119145238095238
28567,0.102485714285714
28572,0.124712698412698
28582,0.13498253968254
28585,0.0815992063492064
28586,0.0924039682539683
28588,0.167003174603175
28590,0.207803174603174
28593,0.0542222222222222
28596,0.0861301587301588
28602,0.193730158730159
28605,0.0568515873015873
28607,0.0238523809523809
28611,0.0308444444444444
28612,0.0933550917437299
28616,0.216419047619048
28617,0.152296825396826
28631,0.0567047619047619
28632,0.119315873015873
28633,0.15125873015873
28643,0.406326984126984
28644,0.0505611111111111
28645,0.384261111111111
28646,0.109242857142857
28647,0.0535
28651,0.0871039682539683
28652,0.153213492063492
28659,0.0780531746031746
28660,0.134334126984127
28661,0.111675396825397
28663,0.373596825396826
28672,0.372285714285714
28678,0.0814206349206349
28680,0.125815873015873
28682,0.260788095238095
28686,0.265843650793651
28691,0.163121428571428
28695,0.174131746031746
28698,0.0924309523809524
28707,0.562227777777778
28710,0.542869841269841
28722,0.417486507936508
28724,0.059834126984127
28726,0.394990476190476
28727,0.292076984126984
28728,0.390733333333333
28731,0.172896031746032
28736,0.0985134920634921
28741,0.163814285714286
28749,0.329776984126984
28756,0.208014285714286
28757,0.605749206349206
28761,0.156161904761905
28765,0.141014285714286
28770,0.300957936507936
28777,0.0656126984126984
28783,0.226496031746032
28785,0.187912698412698
28789,0.414756349206349
28790,0.42936746031746
28793,0.210233333333333
28794,0.0913880952380952
28798,0.08145
28800,0.101611904761905
28801,0.192423182957393
28807,0.303236507936508
28809,0.207027777777778
28814,0.237049206349206
28816,0.226559523809524
28818,0.269973015873016
28820,0.282124603174603
28823,0.136447619047619
28837,0.297811111111111
28839,0.0810055555555556
28851,0.0915865079365079
28854,0.328825396825397
28856,0.158093650793651
28857,0.296884920634921
28859,0.260138095238095
28860,0.300501587301587
28864,0.165247619047619
28865,0.168892063492064
28868,0.0334706349206349
28869,0.48465873015873
28872,0.174513492063492
28874,0.383711904761905
28875,0.20209126984127
28878,0.16329126984127
28879,0.388689682539682
28882,0.189784920634921
28883,0.096086507936508
28892,0.0821904761904762
28901,0.133673015873016
28905,0.12405873015873
28907,0.0176238095238095
28910,0.449102380952381
28912,0.120887301587302
28914,0.0245888888888889
28915,0.549499206349206
28919,0.395862698412698
28922,0.351752380952381
28925,0.128623015873016
28927,0.233421428571429
28929,0.494709523809524
28931,0.183043650793651
28932,0.172203968253968
28938,0.344113492063492
28939,0.0898222222222223
28940,0.251168253968254
28941,0.179277777777778
28945,0.180533333333333
28948,0.172396031746032
28949,0.103607142857143
28950,0.119718253968254
28952,0.128321428571429
28956,0.0621238095238095
28959,0.111066666666667
28969,0.247418253968254
28970,0.12275873015873
28974,0.354492857142857
28976,0.211069047619048
28978,0.0958888888888889
28979,0.155716666666667
28980,0.180771428571429
28983,0.37543253968254
28985,0.0803920634920635
28988,0.241803968253968
28991,0.18256746031746
28994,0.204078571428571
29001,0.0499126984126984
29006,0.191030952380952
29007,0.0287595238095238
29008,0.154134126984127
29009,0.20910873015873
29010,0.374744444444444
29021,0.499472222222222
29024,0.086434126984127
29025,0.223680952380952
29030,0.310669047619048
29034,0.218561904761905
29036,0.203312698412698
29041,0.172890476190476
29042,0.274149206349206
29044,0.0639849206349206
29047,0.0449333333333333
29048,0.190793650793651
29049,0.143240476190476
29050,0.292837301587302
29053,0.364130158730158
29067,0.0988222222222222
29068,0.19236746031746
29069,0.0806738095238095
29079,0.0628198412698413
29083,0.205159523809524
29085,0.162786507936508
29090,0.0547738095238095
29091,0.251228571428571
29093,0.219703968253968
29098,0.0763349206349206
29100,0.155211111111111
29102,0.399729375150286
29103,0.252098412698413
29105,0.12409126984127
29113,0.205005555555556
29119,0.295424603174603
29125,0.108607142857143
29128,0.163963492063492
29132,0.069697619047619
29135,0.0704531746031746
29138,0.280509523809524
29148,0.0835444444444445
29149,0.112084920634921
29151,0.402770634920635
29152,0.126476984126984
29156,0.0817198412698412
29157,0.246164285714286
29162,0.107531746031746
29167,0.0637420634920635
29173,0.130856349206349
29174,0.18460873015873
29176,0.0702134920634921
29177,0.416457936507936
29179,0.110807936507937
29183,0.486574603174603
29185,0.249350793650794
29187,0.100984126984127
29194,0.300797619047619
29196,0.265720634920635
29197,0.312398412698413
29198,0.236616666666667
29201,0.131319047619048
29203,0.457089682539682
29207,0.239807936507936
29209,0.210450793650794
29210,0.137744444444445
29212,0.226657936507936
29215,0.150588888888889
29223,0.355071428571429
29226,0.124439682539683
29227,0.0986111111111111
29232,0.45766746031746
29238,0.275446031746032
29239,0.140469841269841
29240,0.0837468253968254
29242,0.405351587301587
29244,0.251448412698413
29246,0.339573015873016
29247,0.110730158730159
29248,0.218361904761905
29250,0.342712698412698
29254,0.153469047619048
29256,0.24968253968254
29274,0.169431746031746
29276,0.150148412698413
29282,0.137114285714286
29296,0.251750793650794
29298,0.0458944444444444
29307,0.157293650793651
29309,0.0889911868686869
29321,0.339629365079365
29324,0.269637798317354
29325,0.0479809523809524
29328,0.117492063492063
29329,0.128293650793651
29331,0.130709523809524
29334,0.0883166666666667
29335,0.141211111111111
29338,0.0749595238095238
29341,0.0336253968253968
29343,0.119531746031746
29346,0.21658253968254
29349,0.162562698412699
29359,0.127119841269841
29363,0.162492063492063
29365,0.352584920634921
29368,0.468157142857143
29372,0.0857357142857143
29374,0.158734126984127
29375,0.401486507936508
29380,0.16606746031746
29381,0.204998412698413
29383,0.215239682539683
29384,0.11342380952381
29387,0.395881746031746
29394,0.103026984126984
29399,0.114614285714286
29401,0.0926182539682539
29402,0.353109523809524
29409,0.355563492063492
29415,0.224438262480479
29416,0.0698253968253968
29418,0.221711904761905
29420,0.156845238095238
29421,0.184438095238095
29422,0.0903301587301587
29427,0.108113492063492
29430,0.0961896825396825
29431,0.0661912698412699
29432,0.408490476190476
29434,0.337954761904762
29439,0.152405555555555
29445,0.0911928571428571
29446,0.127311111111111
29449,0.104069841269841
29452,0.241134126984127
29456,0.052668253968254
29457,0.139463492063492
29459,0.0912706349206349
29462,0.242942063492064
29463,0.0644960317460317
29468,0.09815
29469,0.11392380952381
29472,0.166507936507936
29474,0.171388095238095
29475,0.129111904761905
29478,0.140159084426271
29479,0.100042857142857
29481,0.156064285714286
29489,0.119229365079365
29501,0.106709523809524
29505,0.30453253968254
29506,0.181327777777778
29515,0.45243479432457
29516,0.290729627935512
29526,0.134638095238095
29527,0.13401746031746
29535,0.0419230158730159
29538,0.199849206349206
29544,0.0244039682539683
29545,0.313499206349206
29546,0.434578571428571
29552,0.0706698412698413
29560,0.345431746031746
29561,0.49697619047619
29563,0.312564285714286
29569,0.318907142857143
29573,0.123744444444444
29574,0.0324904761904762
29576,0.255657936507936
29577,0.139671428571429
29583,0.046815873015873
29584,0.05605
29588,0.12153253968254
29589,0.157413492063492
29590,0.0590666666666667
29595,0.638703968253968
29596,0.156676984126984
29603,0.396697619047619
29606,0.109750793650794
29607,0.149085714285714
29608,0.232410317460317
29609,0.11980873015873
29614,0.23763253968254
29621,0.301257142857143
29622,0.241861111111111
29630,0.139142857142857
29631,0.44743995728658
29636,0.0661619047619048
29638,0.212479365079365
29641,0.276634126984127
29643,0.258288888888889
29658,0.158216666666667
29659,0.105086507936508
29660,0.317944444444444
29669,0.16465873015873
29670,0.132721428571429
29674,0.30292619047619
29675,0.302147426346318
29678,0.0481238095238095
29681,0.031381746031746
29682,0.0379412698412698
29683,0.242234920634921
29686,0.172519047619048
29687,0.235915079365079
29689,0.0560142857142857
29690,0.0871912698412698
29693,0.0952380952380953
29696,0.455746825396826
29700,0.193446031746032
29702,0.29029126984127
29704,0.124155555555556
29708,0.287183333333333
29712,0.268254761904762
29727,0.0939706349206349
29732,0.349438095238095
29734,0.127907142857143
29740,0.10887380952381
29742,0.252819841269841
29744,0.285454761904762
29748,0.176243650793651
29749,0.103761904761905
29751,0.0653349206349206
29754,0.0941349206349206
29756,0.102954761904762
29759,0.0821214285714286
29762,0.369275396825397
29764,0.141354761904762
29771,0.367576984126984
29780,0.0283396825396825
29783,0.367938888888889
29788,0.317360317460318
29789,0.163443650793651
29796,0.387702380952381
29799,0.047218253968254
29800,0.132189682539683
29801,0.265649206349206
29807,0.0953777777777778
29809,0.269527777777778
29810,0.333426984126984
29814,0.0834444444444444
29817,0.0646468253968254
29818,0.129610317460318
29819,0.122274603174603
29821,0.394244082447886
29826,0.0944126984126984
29827,0.464190476190476
29828,0.0385579365079365
29831,0.386665873015873
29832,0.151996480331263
29833,0.511652455764392
29834,0.0867238095238095
29841,0.0186007936507937
29842,0.0938007936507937
29848,0.203204761904762
29851,0.0189634920634921
29852,0.316175396825397
29855,0.0792134920634921
29857,0.132837301587302
29858,0.255331746031746
29866,0.201832045349721
29867,0.283695251048998
29876,0.220410317460317
29879,0.130921428571429
29880,0.173964746449856
29882,0.10574126984127
29883,0.0563277777777778
29886,0.27327380952381
29890,0.0335603174603175
29891,0.193938888888889
29892,0.417052380952381
29894,0.34640785440613
29895,0.12049126984127
29899,0.119865873015873
29900,0.1446
29901,0.189030158730159
29906,0.112334920634921
29908,0.177575396825397
29913,0.226930952380952
29923,0.288257142857143
29926,0.0185603174603175
29927,0.173320634920635
29930,0.174276984126984
29933,0.0529174603174603
29934,0.150479365079365
29935,0.175101587301587
29938,0.384540476190476
29942,0.0706611111111111
29943,0.0727412698412698
29951,0.104045238095238
29961,0.256452380952381
29962,0.0379531746031746
29965,0.0874539682539683
29966,0.261610317460317
29970,0.0606436507936508
29971,0.0436666666666667
29975,0.0642928571428571
29983,0.288587301587302
29986,0.0273777777777778
29989,0.179863401708223
29991,0.0760690476190476
29998,0.0279920634920635
29999,0.0541230158730159
30001,0.11788253968254
30008,0.0775476190476191
30011,0.135249206349206
30016,0.0826531746031746
30019,0.282530952380952
30022,0.185865873015873
30029,0.0964507936507937
30033,0.392261904761905
30034,0.332112698412698
30039,0.164557936507937
30041,0.453885714285714
30042,0.140540476190476
30054,0.246489682539683
30057,0.279210317460317
30059,0.164844444444444
30062,0.0764563492063492
30065,0.0630706349206349
30066,0.161524603174603
30068,0.122113492063492
30070,0.181180158730159
30073,0.0355007936507936
30075,0.233046825396825
30076,0.289252380952381
30077,0.400197619047619
30081,0.0883587301587302
30083,0.278513492063492
30084,0.0937309523809524
30085,0.390868253968254
30092,0.240689682539683
30097,0.303361904761905
30100,0.103719841269841
30106,0.148490476190476
30107,0.18020873015873
30108,0.028715873015873
30116,0.210436507936508
30121,0.0590714285714286
30128,0.337804761904762
30135,0.0726619047619047
30136,0.0818960317460318
30137,0.193919841269841
30140,0.0874944444444444
30141,0.0244706349206349
30153,0.312203968253968
30154,0.34944126984127
30156,0.15740873015873
30166,0.0484626984126984
30167,0.320166666666667
30168,0.355234126984127
30174,0.0277825396825397
30176,0.0344150793650794
30189,0.169818253968254
30190,0.108925396825397
30191,0.221304761904762
30192,0.0253873015873016
30193,0.273331746031746
30205,0.0372873015873016
30207,0.118811904761905
30211,0.186131746031746
30213,0.08275
30214,0.251537301587302
30216,0.416363492063492
30217,0.0856849206349207
30220,0.206686507936508
30227,0.0531809523809524
30228,0.14657619047619
30248,0.318080158730159
30249,0.116398412698413
30251,0.274549206349206
30252,0.142699206349206
30254,0.139736507936508
30255,0.20455
30257,0.303569047619047
30259,0.0291380952380952
30260,0.116276984126984
30262,0.136619047619048
30267,0.484903174603175
30269,0.336742063492063
30270,0.193810317460317
30271,0.188356349206349
30281,0.370404761904762
30283,0.110938888888889
30284,0.263609523809524
30291,0.414475396825397
30297,0.270733333333333
30303,0.29663253968254
30308,0.219426984126984
30311,0.119835714285714
30321,0.264237301587302
30322,0.325938095238095
30324,0.21920873015873
30325,0.355811904761905
30331,0.234375396825397
30332,0.190950793650794
30333,0.0545325396825397
30344,0.25698253968254
30345,0.0569126984126984
30349,0.030184126984127
30362,0.0187801587301587
30363,0.046752380952381
30364,0.501499206349206
30365,0.0703849206349206
30366,0.424694007168908
30367,0.176072222222222
30370,0.349330158730159
30371,0.0329595238095238
30372,0.160989682539683
30375,0.282560403047924
30385,0.170769047619048
30386,0.0475325396825397
30387,0.120389682539683
30391,0.286546825396825
30404,0.504229169813683
30405,0.348636395625232
30417,0.308129081491985
30418,0.337020634920635
30420,0.274388095238095
30423,0.149060317460318
30424,0.0646769841269841
30425,0.0736666666666667
30429,0.333742063492063
30433,0.494534920634921
30434,0.359418253968254
30435,0.45285
30436,0.156371428571429
30437,0.133675396825397
30439,0.0827357142857143
30443,0.192543027464586
30444,0.181228571428571
30445,0.395246229858374
30447,0.0783706349206349
30448,0.285174072980237
30456,0.29575
30461,0.172754761904762
30463,0.117928571428571
30466,0.203260317460318
30467,0.0647126984126984
30469,0.0845222222222222
30474,0.47402032242185
30478,0.0685674603174603
30479,0.294505555555555
30483,0.0748880952380952
30484,0.21040873015873
30485,0.28721507936508
30488,0.0470238095238095
30490,0.435549049321852
30492,0.163359523809524
30496,0.0531968253968254
30501,0.273350351027805
30502,0.291668419333696
30504,0.452628231029661
30506,0.0517706349206349
30507,0.067102380952381
30510,0.57900873015873
30518,0.117662698412698
30520,0.367435714285714
30522,0.283826984126984
30523,0.100334126984127
30524,0.213742857142857
30528,0.0602611111111111
30530,0.0616388888888889
30533,0.157740476190476
30534,0.465860317460318
30540,0.426504761904762
30546,0.0512119047619047
30559,0.0726333333333334
30560,0.394886507936508
30568,0.0546015873015873
30573,0.342179365079365
30574,0.21707619047619
30575,0.338573015873016
30579,0.0636698412698413
30584,0.201746825396825
30585,0.0889285714285715
30586,0.291356349206349
30587,0.13869126984127
30592,0.248145238095238
30599,0.0630650793650794
30609,0.113323015873016
30616,0.239947510116754
30627,0.162138888888889
30628,0.279307142857143
30631,0.142284126984127
30632,0.415414285714286
30634,0.296945238095238
30638,0.501227777777778
30639,0.261061653553596
30641,0.216972222222222
30642,0.0317904761904762
30644,0.220892857142857
30652,0.134772222222222
30653,0.0541563492063492
30655,0.0686896825396825
30657,0.292480158730159
30664,0.374753174603175
30665,0.381190476190476
30670,0.3979
30674,0.100552380952381
30678,0.0397968253968254
30679,0.323586507936508
30682,0.173956349206349
30685,0.130890476190476
30690,0.0634912698412698
30694,0.159086507936508
30695,0.196319047619048
30702,0.311354954113155
30706,0.105360317460317
30709,0.128581746031746
30722,0.0479873015873016
30730,0.253637301587302
30735,0.270957936507936
30743,0.313196825396825
30744,0.183151358900047
30746,0.202637301587302
30750,0.0526515873015873
30754,0.313910317460317
30758,0.0929142857142857
30762,0.166018253968254
30766,0.352312512306175
30770,0.177578571428571
30771,0.353557142857143
30775,0.10423253968254
30776,0.0660460317460317
30781,0.125615079365079
30782,0.363743650793651
30783,0.0506555555555556
30785,0.318112698412698
30797,0.341846825396825
30804,0.344809523809524
30808,0.173110317460317
30812,0.153819047619048
30815,0.374511111111111
30816,0.257225396825397
30818,0.181101587301587
30819,0.211307936507937
30825,0.0846
30828,0.144886507936508
30831,0.0216865079365079
30836,0.0326730158730159
30839,0.0837587301587302
30842,0.22537380952381
30843,0.222276984126984
30847,0.27534585216354
30848,0.231776984126984
30849,0.11289126984127
30859,0.307835714285714
30863,0.026147619047619
30867,0.21733253968254
30869,0.156384126984127
30870,0.335368253968254
30871,0.230754761904762
30873,0.200419841269841
30878,0.208797619047619
30882,0.170811111111111
30888,0.257670634920635
30890,0.150896825396825
30891,0.209927777777778
30893,0.0748039682539682
30894,0.147374603174603
30895,0.269484154868231
30898,0.118396031746032
30902,0.265539682539682
30905,0.436575396825397
30906,0.0773595238095238
30909,0.284976984126984
30910,0.11468253968254
30914,0.394195238095238
30915,0.126626984126984
30916,0.109790476190476
30921,0.151163492063492
30942,0.427257936507937
30946,0.0206555555555556
30948,0.107705555555556
30956,0.142206575116269
30957,0.0812992063492064
30960,0.033818253968254
30970,0.0808301587301587
30974,0.351788888888889
30979,0.409224603174603
30986,0.260285714285714
30989,0.315777632478505
30991,0.12741746031746
31002,0.197331746031746
31004,0.221634920634921
31005,0.340502250978845
31007,0.0413650793650794
31008,0.0686428571428572
31010,0.20415
31011,0.0242849206349206
31015,0.0976793650793651
31016,0.106998412698413
31018,0.0676515873015873
31020,0.332434920634921
31032,0.136361904761905
31043,0.342930952380952
31047,0.112452380952381
31049,0.362388095238095
31053,0.0799460317460317
31054,0.0508761904761905
31056,0.0759380952380952
31063,0.358931746031746
31064,0.277123015873016
31066,0.340665079365079
31069,0.16662619047619
31071,0.311880158730159
31077,0.560553968253968
31083,0.176963492063492
31085,0.212365079365079
31088,0.13584126984127
31090,0.321017112822396
31092,0.382925396825397
31097,0.0979539682539683
31100,0.109178571428571
31104,0.157357936507937
31105,0.0554206349206349
31108,0.173529365079365
31109,0.291464285714286
31112,0.050015873015873
31118,0.326214285714286
31121,0.0893031746031746
31123,0.163351587301587
31124,0.309705390053461
31133,0.0441753968253968
31135,0.444978934269409
31136,0.240381746031746
31140,0.385711111111111
31141,0.333583333333333
31142,0.153253968253968
31143,0.0685714285714286
31147,0.125009523809524
31148,0.124180158730159
31150,0.179460317460318
31155,0.0979912698412699
31157,0.0810087301587301
31167,0.254500793650794
31168,0.179900793650794
31170,0.432369047619048
31175,0.335294444444444
31178,0.357060317460317
31179,0.0420936507936508
31182,0.296420634920635
31183,0.0410714285714286
31184,0.242946825396825
31186,0.0818301587301587
31188,0.184892063492064
31192,0.535617633858952
31194,0.484655095267052
31198,0.124545238095238
31202,0.392166484390899
31205,0.328919945599512
31212,0.124411111111111
31215,0.141103174603175
31216,0.42746746031746
31217,0.172839682539683
31219,0.117823015873016
31224,0.194572222222222
31225,0.11371746031746
31229,0.0119896825396825
31232,0.22187380952381
31234,0.464559160521011
31238,0.0326420634920635
31243,0.130744444444444
31245,0.0955198412698413
31246,0.117465873015873
31247,0.334554761904762
31260,0.0521301587301587
31261,0.351907142857143
31272,0.120798412698413
31273,0.0829031746031746
31275,0.479510317460318
31276,0.284169841269841
31280,0.237776984126984
31285,0.277826161921242
31290,0.0726261904761905
31293,0.153803174603175
31296,0.0239547619047619
31300,0.199418253968254
31305,0.429465079365079
31308,0.500677777777778
31310,0.127318253968254
31311,0.0448365079365079
31312,0.367872222222222
31317,0.0431642857142857
31318,0.212434126984127
31319,0.0752587301587302
31320,0.0798222222222222
31321,0.359590476190476
31329,0.105274603174603
31331,0.135255555555556
31334,0.185815079365079
31337,0.102997619047619
31345,0.152192857142857
31349,0.107811904761905
31351,0.242464285714286
31354,0.10824126984127
31357,0.129847619047619
31361,0.27945
31364,0.196010317460317
31368,0.0746095238095238
31377,0.315526984126984
31378,0.165659523809524
31389,0.128928571428571
31390,0.135613492063492
31394,0.0541968253968254
31396,0.180316666666667
31397,0.384846825396825
31398,0.316827777777778
31399,0.359715873015873
31404,0.285015079365079
31406,0.244723015873016
31407,0.350079365079365
31409,0.118492063492064
31411,0.25943253968254
31412,0.180592857142857
31414,0.231447619047619
31417,0.325625396825397
31419,0.0183349206349206
31421,0.327256520806521
31422,0.22795873015873
31423,0.0207150793650794
31424,0.356569047619048
31425,0.354639682539683
31429,0.208271428571429
31430,0.42206746031746
31431,0.0892492063492064
31433,0.0830349206349206
31437,0.0614428571428572
31439,0.114003174603175
31441,0.261313492063492
31444,0.343540476190476
31445,0.118157936507937
31448,0.0615468253968254
31449,0.122092857142857
31450,0.481205056557512
31452,0.0540103174603175
31455,0.15279126984127
31457,0.362359523809524
31461,0.36106746031746
31462,0.0358904761904762
31475,0.162453968253968
31476,0.160930158730159
31480,0.205325396825397
31481,0.116961904761905
31485,0.0763801587301587
31486,0.398779101597918
31488,0.190901587301587
31490,0.310527523240314
31496,0.0247492063492064
31501,0.116838888888889
31507,0.23395873015873
31513,0.259928571428571
31515,0.254871428571429
31518,0.142
31520,0.211159782290135
31523,0.328452380952381
31529,0.0812373015873016
31530,0.0446920634920635
31534,0.060847619047619
31536,0.0678198412698413
31544,0.206013492063492
31559,0.362346031746032
31568,0.276733341643859
31573,0.314903174603175
31575,0.0724285714285714
31577,0.0713246031746032
31578,0.112989682539683
31581,0.170165873015873
31582,0.0667349206349206
31585,0.0275277777777778
31590,0.0600547619047619
31592,0.24645873015873
31596,0.259928571428572
31606,0.215774603174603
31608,0.271125396825397
31609,0.0458801587301587
31619,0.207877777777778
31620,0.270996825396825
31621,0.22931746031746
31622,0.317249206349206
31625,0.188399926205435
31639,0.220249206349206
31640,0.0716222222222222
31642,0.199661111111111
31645,0.366716666666667
31649,0.0912944444444444
31653,0.121488888888889
31666,0.186319841269841
31673,0.168631746031746
31675,0.133713492063492
31682,0.1295
31688,0.157498412698413
31689,0.084465873015873
31691,0.047931746031746
31692,0.134825396825397
31699,0.278307142857143
31708,0.168957936507937
31709,0.0657253968253968
31713,0.183120634920635
31715,0.308214285714286
31722,0.180653174603175
31730,0.28280873015873
31731,0.0736555555555556
31735,0.118678571428571
31736,0.253311111111111
31738,0.158897619047619
31742,0.110262698412698
31744,0.128114285714286
31749,0.0512071428571429
31755,0.51258748460819
31756,0.279242708106686
31758,0.0525904761904762
31764,0.257409523809524
31767,0.280338888888889
31768,0.331634920634921
31770,0.0759944444444444
31772,0.163231746031746
31774,0.237446031746032
31775,0.142137301587302
31785,0.0346309523809524
31786,0.154834920634921
31795,0.0504253968253968
31811,0.0808174603174603
31812,0.0480650793650794
31816,0.157986507936508
31824,0.0757515873015873
31825,0.125068253968254
31829,0.290068253968254
31834,0.162736507936508
31835,0.375976984126984
31847,0.505480158730159
31848,0.0851507936507937
31850,0.110448412698413
31852,0.0284007936507937
31860,0.218979365079365
31861,0.136759523809524
31865,0.232139682539682
31868,0.280575396825397
31869,0.118862698412698
31870,0.182957936507937
31874,0.149853174603175
31876,0.261090476190476
31886,0.173429365079365
31888,0.32715
31889,0.0583706349206349
31891,0.0449674603174603
31909,0.120811904761905
31911,0.21352380952381
31913,0.0376357142857143
31915,0.102743650793651
31918,0.397811111111111
31919,0.112511111111111
31921,0.257264285714286
31924,0.0786230158730159
31927,0.0781365079365079
31931,0.376920634920635
31932,0.154234920634921
31934,0.195576190476191
31935,0.00778888888888889
31937,0.384600945296261
31939,0.161213492063492
31941,0.370223015873016
31950,0.0767412698412698
31951,0.176260317460317
31954,0.0726642857142857
31956,0.0924579365079365
31959,0.311831746031746
31962,0.187038970224433
31969,0.302740476190476
31974,0.0526087301587301
31977,0.241446031746032
31978,0.0410285714285714
31983,0.0604293650793651
31984,0.0344452380952381
31985,0.0435412698412698
31995,0.453155555555556
31996,0.253093650793651
31998,0.145940476190476
32000,0.160630158730159
32001,0.140310317460318
32006,0.103280158730159
32007,0.121528571428571
32011,0.0658769841269841
32012,0.114680158730159
32013,0.125325396825397
32015,0.119142063492063
32016,0.37725
32017,0.0651833333333333
32019,0.265157142857143
32025,0.114944444444444
32026,0.363246329530538
32027,0.112642857142857
32029,0.199288888888889
32030,0.0961428571428572
32031,0.202788095238095
32032,0.399392003424041
32034,0.465461741645974
32035,0.029547619047619
32036,0.148005555555556
32038,0.136187301587302
32051,0.102893650793651
32056,0.0994936507936508
32058,0.260824603174603
32060,0.180978571428571
32061,0.520128571428571
32067,0.393270634920635
32068,0.410527777777778
32072,0.184003174603175
32077,0.408368508129311
32080,0.124403968253968
32090,0.196512698412698
32093,0.125926984126984
32094,0.289471428571429
32096,0.229802380952381
32097,0.39761507936508
32098,0.10553253968254
32099,0.156957142857143
32104,0.381342857142857
32107,0.0496698412698413
32115,0.0842769841269841
32119,0.0905785714285714
32121,0.258246888178501
32125,0.131279365079365
32134,0.157606349206349
32135,0.251835714285714
32139,0.124487301587302
32140,0.188864285714286
32143,0.359355555555555
32145,0.0881269841269841
32146,0.147444444444444
32147,0.222570634920635
32152,0.0897238095238095
32154,0.286545238095238
32159,0.191086648796367
32161,0.107086507936508
32162,0.145600793650794
32164,0.0392388888888889
32166,0.20795
32171,0.216805555555556
32173,0.314610317460318
32178,0.154954761904762
32179,0.313361441257767
32180,0.0753404761904762
32187,0.352112698412698
32189,0.112165079365079
32200,0.16059126984127
32203,0.308502380952381
32205,0.0250412698412698
32206,0.053284126984127
32211,0.051563492063492
32214,0.061863492063492
32215,0.313376984126984
32217,0.0972825396825397
32220,0.241489682539683
32222,0.332975396825397
32229,0.201380158730159
32233,0.0789325396825397
32239,0.134048412698413
32243,0.088868253968254
32245,0.182610317460318
32247,0.0725388888888889
32249,0.180638888888889
32251,0.20974126984127
32255,0.0517412698412698
32256,0.125357142857143
32258,0.124529365079365
32262,0.056418253968254
32265,0.20533996353044
32268,0.204506349206349
32273,0.124345238095238
32277,0.17825873015873
32284,0.0847444444444445
32285,0.234594444444445
32287,0.155974603174603
32290,0.399352380952381
32293,0.100079365079365
32294,0.242850793650794
32296,0.284903263470861
32301,0.0434698412698413
32302,0.0399952380952381
32311,0.332877777777778
32313,0.284225396825397
32318,0.186484920634921
32323,0.212833333333333
32325,0.152076984126984
32328,0.0874888888888889
32330,0.366747187095706
32331,0.0939968253968254
32339,0.437530158730159
32340,0.0719285714285714
32342,0.20960873015873
32351,0.34713253968254
32354,0.264011111111111
32355,0.284828571428571
32356,0.0868563492063492
32360,0.133329365079365
32364,0.124588095238095
32365,0.122385714285714
32371,0.30823253968254
32378,0.323286507936508
32383,0.232595238095238
32384,0.135735714285714
32387,0.0727785714285714
32388,0.131628571428571
32391,0.281934126984127
32394,0.166120634920635
32398,0.308528571428571
32400,0.307880158730159
32401,0.155914285714286
32402,0.187909523809524
32410,0.39235
32412,0.345747619047619
32413,0.24051746031746
32415,0.0531928571428571
32417,0.30717380952381
32418,0.150721428571429
32419,0.35252380952381
32420,0.112975396825397
32427,0.323893650793651
32430,0.236519047619048
32437,0.392330158730159
32438,0.130926984126984
32442,0.0753960317460318
32445,0.337568470420265
32446,0.195838095238095
32448,0.0436150793650794
32450,0.145912698412698
32451,0.0474714285714286
32452,0.279680952380952
32453,0.23648253968254
32459,0.201501587301587
32460,0.0539333333333333
32463,0.182400793650794
32465,0.219772222222222
32471,0.281002380952381
32472,0.0969031746031746
32474,0.379316666666667
32475,0.102661904761905
32476,0.0546777777777778
32478,0.0696650793650794
32479,0.0543388888888889
32480,0.295290476190476
32482,0.464906349206349
32485,0.128973015873016
32486,0.0629238095238095
32492,0.175863463202308
32493,0.136716666666667
32497,0.109431746031746
32500,0.030084126984127
32503,0.106315079365079
32513,0.348349206349206
32518,0.163303968253968
32519,0.36717619047619
32520,0.348346825396826
32522,0.303183333333333
32523,0.130463492063492
32527,0.17807380952381
32528,0.0596095238095238
32529,0.0322976190476191
32530,0.113240476190476
32531,0.410405299932582
32536,0.411792701305004
32537,0.130938888888889
32540,0.199715079365079
32545,0.339538888888889
32547,0.10650873015873
32549,0.0753603174603175
32550,0.49243492063492
32552,0.311534126984127
32555,0.159115873015873
32558,0.0491944444444444
32561,0.134342063492064
32562,0.283436507936508
32565,0.299047227895116
32567,0.140514285714286
32568,0.139166666666667
32571,0.0704325396825397
32573,0.107005555555556
32576,0.111111111111111
32580,0.165162698412698
32584,0.0783015873015873
32587,0.0452150793650794
32593,0.15963253968254
32594,0.38854365079365
32595,0.425914285714286
32599,0.0884222222222222
32602,0.517752580716585
32604,0.0365015873015873
32605,0.0890833333333334
32610,0.436056349206349
32614,0.0769741413492673
32623,0.245386507936508
32635,0.53697619047619
32641,0.0659333333333333
32644,0.318730572452403
32645,0.249896031746032
32646,0.0892087301587302
32649,0.273992612942613
32650,0.196977777777778
32651,0.110472222222222
32655,0.23387619047619
32661,0.168923015873016
32662,0.0743611111111111
32667,0.0791968253968254
32672,0.22269126984127
32674,0.0906531746031746
32675,0.0391492063492063
32679,0.109812698412698
32688,0.449910317460317
32691,0.0426309523809524
32693,0.352838888888889
32695,0.417846825396825
32698,0.383384920634921
32699,0.161446031746032
32701,0.110179365079365
32702,0.398364285714285
32704,0.217914285714286
32713,0.376633333333333
32715,0.0279063492063492
32721,0.49143192995264
32723,0.0432579365079365
32725,0.0696333333333333
32726,0.108268253968254
32728,0.0736912698412698
32739,0.181449206349206
32741,0.124803174603175
32745,0.128898412698413
32750,0.292038888888889
32751,0.475319047619048
32754,0.0458142857142857
32762,0.391829365079365
32763,0.171183333333333
32764,0.178184126984127
32769,0.270179149560133
32772,0.228927777777778
32780,0.200225396825397
32781,0.136574603174603
32783,0.212731746031746
32784,0.379931746031746
32786,0.321515873015873
32797,0.216603174603175
32800,0.261755555555556
32802,0.0952103174603175
32812,0.279409523809524
32813,0.367950085165692
32814,0.0469761904761905
32816,0.174580158730159
32818,0.295200793650793
32819,0.386452375552445
32824,0.33378253968254
32825,0.474310178840185
32827,0.0721753968253968
32829,0.164807936507936
32832,0.177534126984127
32833,0.150453174603175
32835,0.334601587301587
32836,0.247970634920635
32837,0.0927936507936508
32842,0.184100793650794
32845,0.325346031746032
32848,0.06575
32850,0.245828226363009
32851,0.0123134920634921
32856,0.0516650793650793
32860,0.106751587301587
32864,0.246300825524495
32866,0.320125396825397
32868,0.0836396825396826
32872,0.363127835539224
32874,0.137696031746032
32877,0.0993396825396825
32881,0.305198412698413
32883,0.268508983801991
32885,0.116839682539683
32889,0.0799738095238095
32890,0.345457644110276
32891,0.11385
32898,0.0721420634920635
32900,0.186616666666667
32902,0.112619841269841
32908,0.351676984126984
32913,0.170890476190476
32918,0.369152380952381
32923,0.173584126984127
32930,0.226042063492064
32937,0.0259785714285714
32939,0.0860126984126984
32941,0.297375396825397
32942,0.278353174603175
32943,0.304975396825397
32945,0.031415811965812
32948,0.301040476190476
32953,0.12788253968254
32961,0.03905
32964,0.0901484126984127
32967,0.379226984126984
32969,0.158345238095238
32970,0.0414222222222222
32973,0.337546825396825
32974,0.135900793650794
32976,0.152768253968254
32978,0.0398873015873016
32988,0.0664428571428571
32993,0.121089682539683
33000,0.0414690476190476
33002,0.386004761904762
33003,0.20670873015873
33004,0.118416666666667
33006,0.12267380952381
33010,0.317344444444445
33011,0.211004761904762
33012,0.233840315475738
33014,0.0456920634920635
33017,0.0937063492063492
33024,0.371938888888889
33029,0.138896031746032
33038,0.117224603174603
33051,0.408595238095238
33054,0.260184054892476
33061,0.51985873015873
33062,0.132061111111111
33063,0.191035714285714
33064,0.112104761904762
33065,0.304444444444445
33066,0.323562076362077
33067,0.316327884250976
33068,0.388557936507937
33069,0.111235714285714
33071,0.0729722222222222
33074,0.0952507936507937
33075,0.0684444444444444
33079,0.0843325396825397
33080,0.0582873015873016
33082,0.334619841269841
33087,0.106647619047619
33089,0.0424007936507937
33094,0.0395960317460317
33095,0.185280952380952
33098,0.324853174603175
33104,0.209601587301587
33106,0.0355880952380952
33108,0.0320166666666667
33110,0.13232380952381
33111,0.0614857142857143
33112,0.150440476190476
33121,0.110816149898556
33130,0.119431746031746
33131,0.276413492063492
33133,0.129307936507937
33141,0.311162698412699
33144,0.212422222222222
33146,0.442612698412698
33152,0.178780158730159
33154,0.0958412698412699
33158,0.133339682539683
33159,0.391280952380952
33160,0.120137301587302
33162,0.174011904761905
33165,0.256476984126984
33167,0.260259523809524
33169,0.0756968253968254
33173,0.0304039682539682
33174,0.152152380952381
33177,0.101240476190476
33181,0.230582771789633
33186,0.199586956521739
33189,0.104912698412698
33190,0.186437301587302
33192,0.0920801587301587
33198,0.0780888888888889
33201,0.0643925667828107
33203,0.0749626984126984
33207,0.143184920634921
33210,0.0711261904761905
33212,0.0810801587301587
33213,0.120320634920635
33215,0.159346031746032
33221,0.232283333333333
33222,0.1538
33224,0.288666666666667
33225,0.382138888888889
33227,0.0324373015873016
33228,0.0121738095238095
33229,0.0997547619047619
33230,0.3541831881668
33234,0.477666666666667
33236,0.0917222222222222
33242,0.24343253968254
33243,0.0299515873015873
33247,0.360186989898506
33248,0.234857142857143
33250,0.0622198412698413
33251,0.0745484126984127
33253,0.238898579883027
33254,0.311001587301587
33256,0.148699206349206
33257,0.296339682539683
33259,0.245963554372306
33261,0.291949206349206
33264,0.141360317460317
33265,0.174984126984127
33269,0.0639626984126984
33270,0.0689539682539683
33272,0.0880825396825397
33277,0.237457936507937
33278,0.304983252041566
33282,0.19638253968254
33286,0.138130952380952
33287,0.374165079365079
33288,0.354648412698413
33292,0.145087301587302
33296,0.109057142857143
33298,0.0282690476190476
33300,0.0429507936507936
33301,0.100626984126984
33302,0.239385714285714
33303,0.150512698412698
33304,0.231148412698413
33310,0.297287301587302
33315,0.342400793650794
33316,0.082365873015873
33318,0.113899206349206
33320,0.139454761904762
33321,0.200535714285714
33325,0.110088888888889
33332,0.0717690476190476
33334,0.067402380952381
33336,0.2158929475891
33337,0.290054302422724
33340,0.288956349206349
33342,0.287361904761905
33344,0.0718896825396825
33347,0.188931922821332
33353,0.0411253968253968
33356,0.0594238095238095
33357,0.273928571428571
33360,0.154628571428571
33361,0.158156852497097
33363,0.218752380952381
33366,0.0847214285714285
33369,0.128334126984127
33377,0.279457142857143
33379,0.21398253968254
33386,0.298775396825397
33390,0.043131746031746
33392,0.179001587301587
33393,0.169394444444444
33399,0.195442857142857
33402,0.111979365079365
33404,0.0813722222222222
33405,0.132410317460317
33408,0.167443650793651
33411,0.302225396825397
33412,0.327998412698413
33416,0.213401587301587
33423,0.472451587301587
33424,0.15999126984127
33434,0.312546031746032
33435,0.228275396825397
33436,0.466380952380953
33439,0.108743650793651
33441,0.0372746031746032
33442,0.123665873015873
33446,0.277610143958014
33447,0.0556690476190476
33448,0.278944444444444
33455,0.146563492063492
33457,0.0858206349206349
33465,0.20522380952381
33468,0.322346825396825
33470,0.270274603174603
33471,0.0447730158730159
33473,0.294453371673243
33477,0.0403269841269841
33478,0.257544444444444
33479,0.28647619047619
33480,0.102971428571429
33481,0.231676190476191
33484,0.297915079365079
33486,0.271123747246413
33488,0.07965
33489,0.0325166666666667
33490,0.105311904761905
33491,0.255550793650794
33494,0.0992071428571429
33503,0.140815079365079
33516,0.0847103174603175
33518,0.462594860190356
33520,0.291376984126984
33522,0.324447619047619
33530,0.228849206349206
33533,0.169161111111111
33534,0.235564285714286
33536,0.28348253968254
33541,0.0735992063492064
33544,0.430421428571428
33545,0.317818253968254
33552,0.0312309523809524
33560,0.0285428571428571
33561,0.357269047619048
33562,0.129523015873016
33571,0.0922007936507937
33576,0.129906349206349
33579,0.17334126984127
33581,0.194984920634921
33582,0.498360317460317
33585,0.184343650793651
33586,0.287053080664973
33588,0.0707166666666667
33600,0.0660238095238095
33603,0.0986833333333333
33606,0.15069126984127
33607,0.137660317460317
33609,0.0518095238095238
33613,0.461907142857143
33619,0.0772246031746032
33623,0.204421428571429
33624,0.272233333333333
33625,0.115520634920635
33636,0.331897024745645
33643,0.562352380952381
33644,0.111059523809524
33646,0.184324603174603
33648,0.331764285714286
33649,0.287096031746032
33666,0.163650793650794
33667,0.413253174603175
33677,0.333361904761905
33680,0.269953968253968
33685,0.155985714285714
33686,0.373715873015873
33695,0.111948412698413
33696,0.351606573649832
33700,0.168696825396825
33703,0.305547182783386
33709,0.0648253968253968
33711,0.44966746031746
33712,0.0566865079365079
33713,0.159739682539683
33715,0.190392857142857
33716,0.134726984126984
33721,0.364416666666667
33728,0.0828238095238095
33729,0.304155205831177
33745,0.127230158730159
33752,0.0828912698412699
33753,0.152187301587302
33758,0.564695238095238
33759,0.106407936507936
33760,0.154054761904762
33763,0.215101587301587
33765,0.0385722222222222
33767,0.321646031746032
33768,0.191585714285714
33771,0.142451587301587
33777,0.0907547619047619
33782,0.239766666666667
33789,0.0797452380952381
33790,0.153284834910725
33791,0.361201462175294
33793,0.0490134920634921
33797,0.212818253968254
33805,0.167935714285714
33807,0.302718028304489
33808,0.0497912698412698
33811,0.205293650793651
33813,0.146965079365079
33816,0.116211111111111
33817,0.239761433896835
33821,0.0792666666666667
33823,0.287974603174603
33829,0.237338888888889
33833,0.224818253968254
33844,0.215313492063492
33846,0.208881746031746
33847,0.356366422466422
33849,0.106679365079365
33850,0.103836572875301
33852,0.409539682539683
33853,0.0935785714285715
33859,0.0681809523809524
33864,0.07465
33865,0.0834809523809524
33867,0.0668230158730159
33872,0.296966666666667
33873,0.215796825396825
33880,0.115431746031746
33883,0.224203968253968
33890,0.069647619047619
33900,0.0898301587301587
33901,0.083
33906,0.0730920634920635
33907,0.289015873015873
33910,0.162646825396825
33916,0.0671055555555555
33922,0.116903174603175
33926,0.0483777777777778
33927,0.22129126984127
33933,0.0912865079365079
33939,0.229084126984127
33940,0.301346031746032
33941,0.419512698412698
33942,0.0738896825396825
33943,0.118133333333333
33945,0.0862928571428571
33948,0.284105537026958
33950,0.227762698412698
33957,0.148092857142857
33965,0.400937301587302
33968,0.114578571428571
33972,0.348293650793651
33973,0.533564166768157
33974,0.428704761904762
33975,0.0790857142857143
33980,0.0513801587301587
33984,0.166738888888889
33989,0.108701587301587
33992,0.0215928571428571
33998,0.16547619047619
34000,0.144330158730159
34002,0.0939968253968254
34004,0.27397619047619
34005,0.373430952380952
34011,0.0253095238095238
34013,0.0456166666666667
34014,0.323802332586396
34018,0.34897380952381
34021,0.165277508602509
34022,0.0984238095238095
34024,0.0624246031746032
34025,0.149173809523809
34036,0.376107116167393
34037,0.288890279708409
34040,0.386830827454887
34042,0.28412289582873
34044,0.0919214285714286
34046,0.0687277777777778
34047,0.184296825396825
34049,0.0771365079365079
34050,0.0167134920634921
34053,0.228934126984127
34058,0.252275396825397
34059,0.274828283388576
34065,0.220369047619048
34070,0.26816746031746
34076,0.0731373015873016
34077,0.118996031746032
34079,0.0624960317460318
34080,0.297593463837033
34093,0.107705555555556
34100,0.154942063492063
34102,0.313889682539683
34104,0.191261904761905
34108,0.0519880952380952
34109,0.371590476190476
34110,0.0926896825396825
34112,0.155384920634921
34114,0.0804119047619048
34115,0.318708743033644
34117,0.291215079365079
34126,0.17028253968254
34129,0.0239047619047619
34131,0.0858539682539682
34134,0.0958825396825397
34147,0.37897619047619
34148,0.0385436507936508
34150,0.160003968253968
34155,0.149119841269841
34159,0.536159523809524
34160,0.142246031746032
34162,0.174648241070714
34165,0.098036507936508
34167,0.302078066378066
34172,0.248868253968254
34173,0.0590428571428571
34180,0.189085714285714
34187,0.22390873015873
34189,0.474392857142857
34193,0.0864198412698413
34195,0.089068253968254
34201,0.0442793650793651
34208,0.135155555555556
34209,0.0561650793650794
34211,0.0504190476190476
34215,0.0233769841269841
34223,0.331296031746032
34228,0.24371746031746
34231,0.170592063492063
34234,0.177180158730159
34238,0.142643650793651
34239,0.32329126984127
34240,0.24035873015873
34241,0.0728642857142857
34242,0.339821428571429
34244,0.0701365079365079
34245,0.128194444444444
34247,0.0418269841269841
34251,0.0421896825396825
34253,0.124388095238095
34254,0.151533232027336
34255,0.270927192852931
34257,0.374306748841973
34259,0.204098412698413
34263,0.0351968253968254
34266,0.225968430017721
34269,0.153769841269841
34270,0.0211857142857143
34271,0.103923015873016
34274,0.0952515873015873
34275,0.340722222222222
34277,0.0898619047619047
34281,0.0512142857142857
34288,0.142931746031746
34292,0.10006746031746
34295,0.105692063492063
34296,0.0487047619047619
34297,0.0661531746031746
34299,0.163042063492064
34303,0.0656373015873016
34316,0.100342063492064
34317,0.114796031746032
34318,0.257807142857143
34320,0.277157936507937
34322,0.359624603174603
34324,0.0541507936507937
34329,0.0961476190476191
34330,0.11305873015873
34331,0.240383333333333
34333,0.200453968253968
34334,0.074231746031746
34341,0.0887230158730159
34342,0.0821444444444444
34344,0.103442857142857
34349,0.17745873015873
34351,0.0995277777777778
34355,0.0467515873015873
34359,0.253523725501611
34364,0.25937380952381
34365,0.0332579365079365
34368,0.064265873015873
34375,0.496196342275089
34377,0.211899206349206
34380,0.302430158730159
34387,0.523213492063492
34390,0.111235714285714
34393,0.280755555555555
34394,0.148451587301587
34397,0.394037301587301
34405,0.196461111111111
34408,0.0638357142857143
34410,0.176769047619048
34411,0.30366746031746
34412,0.156503968253968
34418,0.0769658730158731
34422,0.308966666666667
34427,0.215085714285714
34429,0.183896031746032
34432,0.202311904761905
34439,0.259277777777778
34440,0.149493650793651
34443,0.415311111111111
34444,0.12439126984127
34454,0.274771428571429
34462,0.272144444444444
34463,0.567298412698413
34471,0.330848412698413
34484,0.19846507936508
34488,0.0640111111111111
34489,0.228465873015873
34497,0.056968253968254
34499,0.216545238095238
34500,0.207838888888889
34501,0.154230158730159
34506,0.0731063492063492
34508,0.15958253968254
34510,0.146284126984127
34516,0.13695873015873
34526,0.0567134920634921
34536,0.0299603174603175
34539,0.164475396825397
34542,0.190793650793651
34543,0.342730158730159
34545,0.0727325396825397
34546,0.102069047619048
34550,0.338534920634921
34556,0.0522746031746032
34557,0.180654761904762
34558,0.110889682539683
34559,0.0987412698412699
34560,0.0341595238095238
34561,0.22094126984127
34568,0.09995
34569,0.0452174603174603
34572,0.150770634920635
34579,0.397272222222222
34581,0.162978571428571
34584,0.212303174603175
34585,0.074618253968254
34586,0.174738888888889
34593,0.0899992063492064
34597,0.127383333333333
34598,0.164926190476191
34600,0.145486507936508
34601,0.119898412698413
34606,0.124419841269841
34611,0.11021746031746
34612,0.0969698412698413
34614,0.111494444444444
34615,0.229481746031746
34619,0.273210317460317
34623,0.217552106819055
34625,0.212508493017164
34629,0.184534478666949
34631,0.040481746031746
34634,0.205461904761905
34635,0.0736285714285714
34641,0.0376873015873016
34647,0.221364718722329
34649,0.062618253968254
34651,0.233578571428571
34653,0.273798412698413
34657,0.147163492063492
34661,0.213684126984127
34663,0.0171571428571429
34668,0.235609523809524
34669,0.221568253968254
34670,0.0772039682539683
34672,0.259225396825397
34675,0.219694444444444
34676,0.185845238095238
34683,0.172086507936508
34684,0.0694309523809524
34694,0.301831746031746
34708,0.165388095238095
34715,0.0436746031746032
34716,0.123542857142857
34717,0.254912503738957
34718,0.115525396825397
34719,0.209166666666667
34729,0.064165873015873
34735,0.0711579365079365
34736,0.117400729011107
34737,0.231910540617621
34741,0.0738539682539682
34743,0.377446825396825
34744,0.0801253968253969
34746,0.0681579365079365
34747,0.114819841269841
34750,0.401289682539683
34751,0.478646825396825
34759,0.340435209079776
34760,0.0702944444444445
34763,0.125977777777778
34766,0.119170634920635
34767,0.288673308538272
34768,0.129744444444444
34770,0.386142857142857
34776,0.0916555555555555
34781,0.33377380952381
34783,0.248548412698413
34787,0.167457142857143
34791,0.148978571428571
34793,0.153349272115011
34796,0.413173015873016
34803,0.0550912698412698
34807,0.0772071428571428
34808,0.168660317460318
34810,0.311963492063492
34812,0.0881539682539683
34813,0.175971428571429
34815,0.527621428571429
34819,0.344557936507936
34822,0.277890476190476
34825,0.218804761904762
34827,0.305293650793651
34828,0.24159126984127
34829,0.1836
34830,0.260657142857143
34831,0.177712698412698
34835,0.31418253968254
34848,0.211893650793651
34850,0.177826984126984
34858,0.0836531746031746
34860,0.0921603174603175
34861,0.486975255057444
34863,0.176407936507937
34866,0.0582714285714286
34870,0.423053968253968
34873,0.0558428571428571
34874,0.0843396825396826
34876,0.0999015873015873
34883,0.287662698412698
34887,0.105336507936508
34888,0.0684412698412698
34903,0.194322222222222
34909,0.281798412698413
34910,0.148690476190476
34911,0.0463738095238095
34913,0.0895960317460318
34917,0.0180825396825397
34923,0.407413492063492
34925,0.137253968253968
34937,0.405606349206349
34944,0.13614126984127
34945,0.0728896825396825
34947,0.0540325396825397
34948,0.151133333333333
34949,0.445689682539683
34954,0.193000793650794
34955,0.0312079365079365
34957,0.201849206349206
34958,0.0466666666666667
34959,0.313611111111111
34960,0.202780158730159
34975,0.0693896825396825
34978,0.496038888888889
34982,0.0227769841269841
34987,0.236390476190476
34989,0.103512698412698
34991,0.097084126984127
34993,0.10768253968254
34995,0.0313650793650794
34998,0.087834126984127
35007,0.308129983637041
35009,0.0516984126984127
35016,0.119147619047619
35017,0.108363492063492
35021,0.15173253968254
35022,0.147265873015873
35025,0.105653174603175
35027,0.151319047619048
35028,0.107012559358307
35042,0.0768452380952381
35053,0.423872222222222
35054,0.0351198412698413
35064,0.0843587301587302
35067,0.0448912698412698
35068,0.0626293650793651
35069,0.0877865079365079
35073,0.25515873015873
35077,0.455720634920635
35084,0.137513492063492
35088,0.231927540871591
35093,0.343874603174603
35095,0.0375166666666667
35100,0.222162698412698
35102,0.165379365079365
35103,0.128284920634921
35119,0.116235714285714
35124,0.0747269841269841
35132,0.161002380952381
35135,0.182110317460317
35139,0.116438095238095
35140,0.0893119047619048
35144,0.0658888888888889
35145,0.0844460317460318
35148,0.173946031746032
35151,0.0502087301587301
35162,0.0954325396825397
35163,0.255842857142857
35168,0.308230952380952
35169,0.0671293650793651
35171,0.0609698412698413
35174,0.255562698412698
35175,0.103461111111111
35176,0.362254761904762
35178,0.11210873015873
35180,0.0572452380952381
35187,0.093015873015873
35191,0.134268253968254
35192,0.0946309523809524
35194,0.171969047619048
35198,0.264972222222222
35203,0.339974307039995
35205,0.0257833333333333
35206,0.27079746184782
35208,0.207638065588859
35213,0.279738095238095
35215,0.120116666666667
35217,0.138227777777778
35222,0.0206634920634921
35225,0.0825825396825397
35237,0.188290476190476
35238,0.126516666666667
35241,0.181665079365079
35242,0.0881150793650794
35243,0.175306349206349
35247,0.400057936507937
35248,0.112449206349206
35256,0.425622222222222
35262,0.153397619047619
35264,0.292388095238095
35266,0.136298412698413
35269,0.321027600865815
35270,0.438443650793651
35273,0.0129603174603175
35274,0.156401587301587
35275,0.0884698412698413
35278,0.117666666666667
35279,0.0871285714285714
35286,0.170068253968254
35295,0.343310436092785
35305,0.0724468253968254
35309,0.401373724556559
35311,0.144090186921099
35312,0.400702380952381
35316,0.157577777777778
35320,0.0803896825396826
35321,0.0323809523809524
35323,0.0163698412698413
35331,0.0406507936507936
35337,0.0182515873015873
35342,0.292194444444444
35343,0.101396825396825
35350,0.102039682539683
35356,0.167038095238095
35358,0.1292
35363,0.112057936507937
35365,0.240899206349206
35371,0.387018253968254
35374,0.172124603174603
35378,0.130390476190476
35383,0.145653174603175
35389,0.0837142857142857
35391,0.205460317460317
35392,0.0833
35395,0.379792063492063
35399,0.0589626984126984
35402,0.136234126984127
35406,0.323931746031746
35407,0.282396825396825
35410,0.0496412698412698
35420,0.0679095238095238
35421,0.164899206349206
35422,0.274043650793651
35427,0.243254416839199
35433,0.040013492063492
35435,0.225348268398268
35441,0.0914785714285714
35442,0.442460317460317
35448,0.0643761904761905
35449,0.0615214285714286
35450,0.0472984126984127
35453,0.408152380952381
35454,0.368258955905556
35459,0.355919813597937
35460,0.441226190476191
35463,0.069215873015873
35468,0.286848412698413
35470,0.257695797126405
35475,0.325553407488247
35476,0.0773309523809524
35478,0.0251174603174603
35488,0.383289682539683
35489,0.176146395323895
35493,0.104960317460318
35494,0.459997619047619
35495,0.183792063492064
35499,0.341603968253968
35507,0.163777777777778
35508,0.14274126984127
35512,0.391311904761905
35519,0.11551746031746
35520,0.241943650793651
35521,0.36729872045681
35525,0.0816452380952381
35530,0.348788888888889
35539,0.0104238095238095
35541,0.147107936507937
35543,0.121107142857143
35545,0.308585714285714
35549,0.109699206349206
35551,0.0249309523809524
35552,0.345819841269841
35553,0.0389706349206349
35559,0.387573015873016
35560,0.0746650793650794
35561,0.113418253968254
35573,0.179977777777778
35574,0.134675396825397
35575,0.262455555555555
35578,0.176330709224527
35579,0.462624603174603
35582,0.244209523809524
35583,0.187057142857143
35584,0.368192857142857
35588,0.0410793650793651
35590,0.107096825396825
35592,0.283633388262171
35594,0.168371428571429
35599,0.106418253968254
35602,0.160026984126984
35616,0.239038095238095
35618,0.134110268046319
35620,0.109247619047619
35621,0.215306396279307
35622,0.230250793650794
35623,0.0846126984126984
35624,0.495952380952381
35626,0.0692825396825397
35633,0.125565079365079
35640,0.035902380952381
35642,0.223889123473301
35643,0.0707142857142857
35647,0.121849206349206
35652,0.10613253968254
35653,0.0698825396825397
35657,0.11519126984127
35661,0.0809206349206349
35665,0.205780158730159
35666,0.144142063492063
35670,0.209714285714286
35671,0.0542769841269841
35672,0.0297055555555555
35673,0.154612698412698
35677,0.165511111111111
35684,0.0593269841269841
35686,0.151807936507937
35688,0.274100793650794
35691,0.392257142857143
35696,0.142519841269841
35699,0.227992063492064
35700,0.0968714285714286
35701,0.169548412698413
35706,0.303149206349207
35708,0.323690476190476
35709,0.197981746031746
35723,0.25328253968254
35725,0.273737526576847
35726,0.430207936507936
35728,0.260445238095238
35731,0.0436880952380952
35732,0.117264285714286
35734,0.333180158730159
35737,0.361265079365079
35738,0.130973015873016
35748,0.284459305613954
35751,0.199815079365079
35752,0.0290801587301587
35753,0.0643174603174603
35754,0.020934126984127
35755,0.0848452380952381
35760,0.0767753968253968
35765,0.0289222222222222
35766,0.235262698412698
35771,0.385034126984127
35776,0.0706992063492063
35777,0.0434261904761905
35779,0.14367619047619
35782,0.118919047619048
35786,0.23359126984127
35794,0.27012852718241
35795,0.0532230158730159
35804,0.0522896825396825
35805,0.346760317460317
35807,0.316849206349206
35808,0.148960317460317
35810,0.0687809523809524
35812,0.145689682539683
35814,0.265252380952381
35823,0.21364126984127
35824,0.14969126984127
35825,0.303090476190476
35830,0.230781303124864
35831,0.113806349206349
35835,0.094415873015873
35837,0.157406349206349
35838,0.0885571428571429
35839,0.0870444444444444
35844,0.100477777777778
35847,0.0712277777777778
35848,0.223853174603175
35851,0.132045238095238
35852,0.225262698412699
35855,0.211905555555556
35859,0.294254761904762
35863,0.0971587301587302
35865,0.161272222222222
35873,0.407321428571429
35878,0.358447619047619
35879,0.192311904761905
35882,0.492113492063492
35893,0.103993650793651
35894,0.274615873015873
35897,0.0937753968253968
35899,0.34499126984127
35902,0.124288888888889
35903,0.0595960317460318
35904,0.317069841269841
35907,0.264838095238095
35908,0.290865873015873
35911,0.424036614751038
35914,0.0633642857142857
35916,0.0474007936507936
35917,0.109069047619048
35919,0.345476984126984
35923,0.104884920634921
35927,0.295400793650794
35935,0.103368253968254
35936,0.166618253968254
35946,0.164186507936508
35947,0.31078253968254
35948,0.134738888888889
35951,0.124474603174603
35953,0.287484920634921
35960,0.0717190476190476
35963,0.0769603174603175
35964,0.0383309523809524
35966,0.0827039682539682
35975,0.433066666666667
35982,0.220968253968254
35986,0.0428
35989,0.382756349206349
35990,0.113853174603175
35992,0.224005555555556
35994,0.212551587301587
35998,0.0621555555555556
36003,0.313277710958065
36008,0.0811595238095238
36009,0.147781746031746
36013,0.208838095238095
36015,0.149780952380952
36016,0.0457055555555556
36019,0.10438253968254
36022,0.215047619047619
36030,0.13955873015873
36031,0.180602380952381
36033,0.103397619047619
36034,0.117750793650794
36038,0.364380952380952
36044,0.0782595238095239
36050,0.0374603174603175
36057,0.162996031746032
36061,0.0829007936507937
36062,0.11096746031746
36063,0.0613690476190476
36065,0.256696031746032
36070,0.224142063492063
36072,0.161025396825397
36078,0.235901587301587
36079,0.324181578094976
36080,0.057568253968254
36090,0.283518253968254
36094,0.0990896825396825
36096,0.0236706349206349
36099,0.0805460317460318
36103,0.23482380952381
36104,0.0853809523809524
36105,0.0867690476190476
36106,0.206414285714286
36110,0.0508071428571428
36117,0.413888888888889
36119,0.229915079365079
36120,0.103675396825397
36123,0.350653968253968
36130,0.235129365079365
36131,0.137219047619048
36138,0.538760556028518
36141,0.173039682539682
36143,0.271072222222222
36145,0.289634920634921
36146,0.0866476190476191
36158,0.120677777777778
36163,0.20399126984127
36165,0.0253126984126984
36167,0.192101587301587
36170,0.129079365079365
36179,0.474380952380952
36191,0.165338888888889
36193,0.161531746031746
36195,0.310020364425455
36196,0.168335714285714
36199,0.25888253968254
36208,0.0577261904761905
36213,0.132938888888889
36223,0.143947619047619
36224,0.25005
36227,0.139419047619048
36228,0.291268326118326
36229,0.152149206349206
36231,0.222679941570407
36233,0.238776190476191
36236,0.0755412698412699
36246,0.192879365079365
36247,0.170453174603175
36252,0.307154761904762
36254,0.321725396825397
36259,0.0401944444444444
36262,0.353701587301587
36264,0.156507936507937
36273,0.322834679550914
36276,0.0479103174603175
36278,0.0700412698412698
36281,0.31293253968254
36290,0.183896592296592
36291,0.217390575801131
36300,0.364880952380953
36305,0.140293650793651
36309,0.0391912698412698
36317,0.122368253968254
36324,0.116476984126984
36329,0.117045238095238
36331,0.247512048267126
36332,0.307894362950244
36336,0.195502380952381
36338,0.100615873015873
36342,0.299753956404894
36343,0.306163492063492
36344,0.220320085470086
36347,0.13395
36350,0.327547619047619
36351,0.0380015873015873
36352,0.0809579365079365
36353,0.121424603174603
36361,0.248888888888889
36366,0.081052380952381
36371,0.0618039682539683
36372,0.123912698412698
36375,0.107469841269841
36376,0.0431706349206349
36378,0.279140476190476
36379,0.509474308079258
36381,0.210187222914182
36382,0.174425396825397
36384,0.132028571428571
36385,0.185786507936508
36387,0.260256349206349
36389,0.120193650793651
36391,0.432569643070059
36393,0.223470634920635
36395,0.0776388888888889
36396,0.0426825396825397
36400,0.466385714285714
36401,0.162415873015873
36408,0.264740476190476
36409,0.227956349206349
36410,0.345658359053196
36414,0.46478253968254
36418,0.212890476190476
36429,0.363013492063492
36433,0.121738888888889
36440,0.127063492063492
36441,0.228644444444444
36443,0.338999206349206
36451,0.0265960317460317
36457,0.1961
36460,0.423557142857143
36465,0.159214285714286
36466,0.293661904761905
36472,0.287131746031746
36473,0.0638801587301587
36476,0.0620730158730159
36477,0.194186507936508
36478,0.173920634920635
36481,0.12898253968254
36485,0.421173809523809
36491,0.309145513998162
36495,0.179174603174603
36497,0.0590476190476191
36499,0.240161904761905
36501,0.325397619047619
36502,0.0303626984126984
36504,0.185875396825397
36506,0.197411904761905
36517,0.0405746031746032
36519,0.0960912698412699
36523,0.120796825396825
36532,0.246423015873016
36535,0.298409523809524
36538,0.0161809523809524
36541,0.06285
36543,0.0845793650793651
36545,0.229205555555556
36546,0.121376984126984
36547,0.0518031746031746
36553,0.13384126984127
36554,0.0415587301587301
36555,0.151940476190476
36560,0.17817619047619
36565,0.0896603174603175
36570,0.280060334202983
36572,0.4119
36574,0.152946031746032
36576,0.191468253968254
36579,0.147733333333333
36587,0.120164285714286
36590,0.0602539682539682
36594,0.138925396825397
36595,0.206519047619048
36598,0.11451746031746
36599,0.157976190476191
36602,0.0478952380952381
36609,0.329747984485971
36614,0.17210873015873
36618,0.119907142857143
36619,0.0861849206349206
36623,0.115326984126984
36629,0.031384126984127
36630,0.105987301587302
36634,0.0893714285714286
36636,0.112431746031746
36640,0.182461111111111
36642,0.316857936507937
36646,0.221819287781499
36650,0.171990476190476
36654,0.261810317460317
36655,0.116050793650794
36660,0.220681246929508
36666,0.410348041041984
36667,0.110960317460317
36674,0.0459444444444444
36675,0.0731301587301587
36678,0.0976214285714286
36683,0.176989682539683
36687,0.113148412698413
36693,0.284816666666667
36695,0.0397142857142857
36696,0.24284470582192
36701,0.198721428571429
36702,0.19189126984127
36703,0.209581746031746
36708,0.183874603174603
36712,0.147309523809524
36713,0.322069841269841
36717,0.109379365079365
36718,0.0948825396825397
36719,0.166384920634921
36720,0.049047619047619
36723,0.112801242236025
36724,0.0572984126984127
36729,0.133343650793651
36731,0.143520634920635
36733,0.202174603174603
36734,0.0658484126984127
36739,0.111859523809524
36742,0.129521428571429
36747,0.30725873015873
36755,0.431519047619048
36756,0.156076984126984
36761,0.0245380952380952
36764,0.0631031746031746
36766,0.270807936507937
36767,0.198120634920635
36768,0.197930158730159
36771,0.0438388888888889
36772,0.310150793650794
36780,0.419192063492063
36792,0.1048
36794,0.028184126984127
36795,0.285722222222222
36801,0.040497619047619
36809,0.0557015873015873
36821,0.228500793650794
36822,0.0152325396825397
36825,0.117171428571429
36830,0.100485714285714
36832,0.598034126984127
36837,0.321553968253968
36838,0.265996766630098
36841,0.0843222222222222
36845,0.0662492063492063
36847,0.0814920634920635
36851,0.13240873015873
36852,0.164564285714286
36858,0.290788730736444
36864,0.222024603174603
36866,0.0664119047619048
36868,0.193014285714286
36870,0.240763675988256
36874,0.115688095238095
36880,0.0310428571428571
36882,0.0729873015873016
36884,0.0283571428571429
36885,0.370981746031746
36888,0.0427674603174603
36890,0.0838079365079365
36891,0.12503253968254
36894,0.0337650793650794
36895,0.159342063492064
36896,0.137824603174603
36899,0.238538888888889
36900,0.157188095238095
36901,0.437962698412698
36906,0.202504761904762
36910,0.0974944444444445
36913,0.247247619047619
36919,0.223766666666667
36928,0.156980952380952
36930,0.0598404761904762
36933,0.232255555555556
36934,0.366765079365079
36935,0.372410317460317
36936,0.23301746031746
36938,0.212596825396825
36939,0.374792857142857
36955,0.239237468671679
36957,0.0987603174603175
36965,0.0916246031746032
36967,0.220989682539683
36971,0.182519841269841
36973,0.154209523809524
36978,0.298988888888889
36991,0.314879687322511
36992,0.226830158730159
36993,0.0279349206349206
37001,0.270594444444444
37004,0.339625396825397
37005,0.170534920634921
37006,0.476388095238095
37023,0.300461111111111
37026,0.232712907405539
37027,0.131488095238095
37034,0.324410317460317
37041,0.135546031746032
37042,0.148377777777778
37047,0.137364285714286
37048,0.160618253968254
37063,0.107342063492063
37069,0.412216468655721
37072,0.167731400966184
37074,0.279005555555555
37077,0.0515349206349206
37078,0.100034920634921
37079,0.372453968253968
37088,0.320609523809524
37089,0.0659539682539683
37091,0.21540873015873
37096,0.296742857142857
37100,0.291849206349206
37101,0.128156349206349
37106,0.312839682539683
37114,0.0798650793650794
37115,0.372137301587301
37118,0.102378571428571
37120,0.299188095238095
37122,0.129035714285714
37125,0.0581587301587302
37142,0.33715873015873
37145,0.164499206349206
37155,0.151812698412698
37157,0.176974603174603
37164,0.163342857142857
37165,0.107598412698413
37166,0.430523809523809
37171,0.328911904761905
37172,0.0535956866804693
37173,0.124509523809524
37179,0.515742063492064
37184,0.114203968253968
37186,0.033281746031746
37189,0.145339682539683
37198,0.0292007936507936
37202,0.424918253968254
37203,0.0711150793650794
37205,0.114954761904762
37206,0.0956055555555556
37218,0.0763865079365079
37222,0.0588134920634921
37227,0.0286761904761905
37229,0.196789682539682
37230,0.102345238095238
37232,0.147454761904762
37233,0.133646825396825
37236,0.392853174603175
37245,0.126366666666667
37246,0.183642063492064
37247,0.0942587301587302
37248,0.0761412698412699
37251,0.322930952380952
37261,0.300781746031746
37263,0.302416666666667
37268,0.245474603174603
37269,0.124963492063492
37271,0.116701587301587
37276,0.389411904761905
37278,0.123053174603175
37281,0.39964126984127
37286,0.0907968253968254
37291,0.218599206349206
37292,0.188420634920635
37294,0.405219912400965
37296,0.038984126984127
37298,0.315553968253968
37300,0.191474603174603
37301,0.0659515873015873
37302,0.166607142857143
37303,0.168553174603175
37306,0.0938380952380952
37307,0.149663492063492
37310,0.125919047619048
37316,0.273248412698413
37318,0.0238468253968254
37321,0.0462563492063492
37322,0.0361285714285714
37326,0.2753991242474
37327,0.266522222222222
37331,0.464051587301587
37333,0.101766666666667
37334,0.13777380952381
37335,0.451465873015873
37336,0.14763253968254
37337,0.140526984126984
37339,0.282874603174603
37341,0.0690238095238095
37343,0.42481507936508
37346,0.0369722222222222
37347,0.316096031746032
37349,0.178918253968254
37350,0.39655409035409
37356,0.164256349206349
37363,0.378315700366431
37370,0.356360554851071
37371,0.100923015873016
37372,0.411580952380952
37378,0.0849888888888889
37381,0.204411111111111
37382,0.40817380952381
37383,0.165351587301587
37390,0.16363253968254
37396,0.205272222222222
37397,0.29242630420445
37403,0.248034920634921
37404,0.349838583638584
37405,0.377702380952381
37406,0.284637301587302
37416,0.105392063492063
37417,0.0998111111111111
37418,0.208703388278388
37419,0.284200276223512
37422,0.177906349206349
37430,0.274224603174603
37431,0.230611111111111
37432,0.400472222222222
37435,0.0516769841269841
37436,0.101003174603175
37438,0.0909214285714286
37440,0.055684126984127
37443,0.254835714285714
37446,0.234829365079365
37447,0.0752873015873016
37449,0.139089682539683
37450,0.295389682539683
37453,0.346051587301587
37455,0.206369899400199
37456,0.286644775583195
37458,0.344046031746032
37469,0.162629365079365
37471,0.140433333333333
37473,0.175253968253968
37476,0.213429365079365
37481,0.0667277777777778
37487,0.163237301587302
37488,0.0978034515032765
37496,0.167453174603175
37498,0.263055772005772
37499,0.20821746031746
37500,0.063718253968254
37507,0.0427555555555556
37509,0.220551587301587
37511,0.242524603174603
37513,0.139437301587302
37515,0.140510317460317
37517,0.159716666666667
37518,0.162347619047619
37520,0.286827156201899
37522,0.333886913080369
37523,0.0678595238095238
37527,0.180234126984127
37531,0.318343943191312
37532,0.0867738095238095
37534,0.0369880952380952
37540,0.325079365079365
37541,0.358042063492063
37546,0.201792857142857
37547,0.186629365079365
37553,0.0950738095238095
37554,0.357475396825397
37561,0.124951587301587
37563,0.0890675995123803
37565,0.0998349206349207
37568,0.261338888888889
37572,0.151303968253968
37579,0.331257936507936
37580,0.068918253968254
37581,0.40352619047619
37582,0.301186436214146
37584,0.022184126984127
37585,0.200214285714286
37588,0.151196825396825
37593,0.254332234106367
37596,0.171122222222222
37599,0.0927380952380953
37603,0.497979365079365
37605,0.084115873015873
37607,0.0817785714285715
37608,0.0879412698412699
37626,0.376080952380952
37628,0.0275380952380952
37632,0.15628253968254
37635,0.134959523809524
37641,0.121975396825397
37644,0.210173015873016
37648,0.259371428571429
37650,0.0489928571428572
37651,0.198861904761905
37653,0.167943233407805
37657,0.300884519515584
37658,0.23903253968254
37662,0.140844444444444
37663,0.0930150793650794
37675,0.224555555555556
37684,0.182094444444444
37688,0.0960015873015873
37690,0.0968936507936508
37694,0.446762698412698
37697,0.0881261904761905
37709,0.279386507936508
37713,0.363825396825397
37716,0.0802293650793651
37717,0.107438095238095
37721,0.0591753968253968
37725,0.332699401530099
37731,0.179936507936508
37733,0.0455547619047619
37737,0.535380158730159
37740,0.0348373015873016
37743,0.340422222222222
37744,0.239786507936508
37748,0.060984126984127
37752,0.0438880952380952
37753,0.129873015873016
37754,0.364131746031746
37757,0.211688888888889
37765,0.203189682539683
37771,0.118783333333333
37773,0.175978571428571
37776,0.132999206349206
37777,0.122993650793651
37781,0.0441833333333333
37782,0.141819047619048
37783,0.415397349160987
37790,0.222059523809524
37798,0.175734920634921
37800,0.352307142857143
37804,0.0672952380952381
37806,0.0999103174603175
37809,0.1006
37812,0.130799206349206
37823,0.128400793650794
37825,0.136519047619048
37828,0.0232571428571429
37834,0.0528801587301587
37837,0.0729587301587302
37839,0.182899206349206
37844,0.13259126984127
37845,0.0687547619047619
37847,0.0944095238095238
37850,0.266169841269841
37852,0.194003174603175
37862,0.357620634920635
37867,0.227019841269841
37868,0.0365452380952381
37869,0.15192380952381
37873,0.149646825396825
37875,0.230656349206349
37878,0.0862507936507937
37880,0.313386836456549
37884,0.0863698412698413
37887,0.204395238095238
37888,0.301605555555555
37889,0.100513492063492
37890,0.116484920634921
37891,0.262737077777414
37892,0.0821785714285715
37893,0.12367380952381
37895,0.173856349206349
37901,0.30806746031746
37902,0.138923015873016
37904,0.470269841269841
37908,0.0480492063492063
37909,0.260894878441446
37915,0.277062698412698
37917,0.125012698412698
37918,0.278720634920635
37920,0.388459523809524
37922,0.102729813664596
37923,0.570171428571429
37925,0.147074603174603
37927,0.348638888888889
37929,0.0990301587301588
37931,0.0604309523809524
37934,0.357873829519406
37936,0.355743650793651
37938,0.478443650793651
37941,0.312764285714286
37943,0.179964285714286
37947,0.180936507936508
37949,0.0585873015873016
37950,0.0323555555555556
37953,0.194088095238095
37956,0.190515079365079
37957,0.0971166666666667
37960,0.183477777777778
37965,0.0618007936507936
37970,0.200293650793651
37973,0.338160317460318
37974,0.116422222222222
37975,0.158619047619048
37977,0.217239682539683
37978,0.0306047619047619
37984,0.117464285714286
37991,0.406828571428571
37996,0.118457142857143
38008,0.129970634920635
38009,0.0657412698412698
38010,0.16257619047619
38015,0.0901261904761905
38016,0.344803174603175
38017,0.180480952380952
38020,0.474162698412698
38021,0.407568878016649
38024,0.0553
38026,0.344223015873016
38031,0.235778571428571
38032,0.173643650793651
38033,0.181620634920635
38035,0.386903968253968
38037,0.125102380952381
38038,0.214460317460317
38043,0.0650055555555556
38049,0.235105555555556
38050,0.0767801587301587
38052,0.12412380952381
38055,0.361681231791954
38059,0.103669841269841
38062,0.153565079365079
38070,0.250014285714286
38073,0.0995277777777778
38075,0.0913507936507937
38079,0.100454761904762
38081,0.0535134920634921
38091,0.305371379934675
38092,0.136511737655828
38101,0.256679365079365
38103,0.284010317460317
38104,0.0671417369282909
38108,0.253
38111,0.118095238095238
38118,0.0999539682539683
38121,0.303001587301587
38122,0.0742793650793651
38131,0.125814884527536
38133,0.0714484126984127
38134,0.287401587301587
38136,0.0787333333333333
38142,0.140485345743143
38144,0.266899206349206
38148,0.353632618517385
38150,0.0446277777777778
38151,0.21649126984127
38155,0.350242857142857
38158,0.031368253968254
38160,0.359098625755116
38161,0.257094444444444
38166,0.102679365079365
38167,0.118365873015873
38168,0.0552015873015873
38170,0.106628571428571
38171,0.121654761904762
38174,0.470018253968254
38176,0.163206349206349
38178,0.117687301587302
38181,0.330073016998853
38185,0.102142063492063
38187,0.131438095238095
38188,0.0905
38189,0.128346825396825
38190,0.390107004659453
38197,0.217575396825397
38199,0.297900793650794
38208,0.269703174603175
38215,0.0804436507936508
38217,0.369954385309323
38218,0.158470634920635
38220,0.133833333333333
38221,0.188209523809524
38224,0.0604269841269841
38225,0.0876960317460317
38228,0.134695238095238
38233,0.170960317460318
38234,0.0909444444444445
38239,0.400178571428571
38240,0.173043650793651
38246,0.417884919505579
38247,0.0741
38260,0.186391718426501
38267,0.383365759332783
38268,0.0479579365079365
38274,0.0322730158730159
38275,0.363756349206349
38276,0.0827031746031746
38277,0.450611904761905
38286,0.051215873015873
38288,0.0198349206349206
38291,0.093334126984127
38294,0.186310317460317
38295,0.419654741562514
38300,0.102285714285714
38303,0.0824222222222222
38304,0.309316666666667
38309,0.149488888888889
38310,0.142981746031746
38313,0.174430158730159
38314,0.292850793650794
38316,0.207169047619048
38317,0.0674444444444445
38318,0.430303174603174
38321,0.0474055555555556
38326,0.122112698412698
38329,0.328637301587301
38331,0.0695484126984127
38332,0.109314285714286
38335,0.0205166666666667
38336,0.0731777777777778
38340,0.391494444444444
38344,0.391662698412698
38346,0.0678777777777778
38347,0.138087750172533
38348,0.343374570039385
38350,0.269111111111111
38351,0.0737555555555555
38364,0.0450460317460317
38365,0.42616557964197
38366,0.168953174603175
38368,0.275819841269841
38378,0.473321428571429
38380,0.302493374903141
38381,0.176128571428571
38384,0.271351587301587
38393,0.209838888888889
38394,0.125638888888889
38398,0.200170634920635
38401,0.107107142857143
38403,0.327099206349206
38408,0.195013492063492
38410,0.286936507936508
38413,0.104300793650794
38415,0.21950873015873
38417,0.061765873015873
38418,0.0883698412698413
38423,0.497640476190476
38425,0.0505825396825397
38426,0.038115873015873
38427,0.0812206349206349
38428,0.0665611111111111
38429,0.38156475248635
38440,0.127877777777778
38443,0.319225396825397
38447,0.0680984126984127
38448,0.0177642857142857
38449,0.0662476190476191
38451,0.0191349206349206
38452,0.409133333333333
38453,0.0738047619047619
38459,0.165224603174603
38461,0.0725174603174603
38464,0.143655555555556
38473,0.24831746031746
38474,0.108120634920635
38475,0.221365873015873
38482,0.276930952380952
38487,0.11997380952381
38491,0.0992103174603175
38495,0.481139588682035
38496,0.43595
38509,0.0890261904761905
38515,0.180050793650794
38516,0.0509190476190476
38517,0.160262698412698
38519,0.133626984126984
38520,0.356702244964033
38522,0.330212511671335
38526,0.294685822493394
38527,0.220852380952381
38530,0.0808063492063492
38542,0.104157936507936
38546,0.132007936507937
38551,0.325215139747029
38554,0.214428571428571
38556,0.0897015873015873
38557,0.293098412698413
38564,0.22559126984127
38567,0.257094444444445
38568,0.030784126984127
38577,0.108684920634921
38578,0.149866666666667
38579,0.21469126984127
38580,0.348681746031746
38581,0.14940873015873
38593,0.431073015873016
38605,0.440884126984127
38607,0.357610288150664
38608,0.0357531746031746
38609,0.159699206349206
38618,0.438865984137565
38619,0.0858698412698413
38620,0.0432079365079365
38625,0.176665873015873
38630,0.121393650793651
38639,0.238223015873016
38641,0.162216666666667
38648,0.0309134920634921
38653,0.0469531746031746
38655,0.233483160268282
38657,0.107065873015873
38658,0.204090476190476
38665,0.111628571428571
38666,0.390703174603174
38667,0.225820634920635
38668,0.346542063492063
38669,0.128243650793651
38671,0.229605555555556
38672,0.476692968475219
38673,0.262327851915443
38674,0.181692857142857
38677,0.0461253968253968
38679,0.0367420634920635
38680,0.269389682539682
38688,0.234813304470796
38689,0.327237903733314
38693,0.256973015873016
38695,0.206264285714286
38698,0.174918253968254
38699,0.16405
38700,0.132763492063492
38706,0.17094126984127
38707,0.021468253968254
38710,0.0868595238095238
38714,0.0911880952380952
38719,0.486886507936508
38720,0.308233333333333
38722,0.178838095238095
38727,0.21826746031746
38729,0.153747619047619
38730,0.0519373015873016
38736,0.153673831610087
38740,0.273493650793651
38744,0.123483333333333
38745,0.113592063492063
38762,0.087684126984127
38766,0.415203968253968
38768,0.210045238095238
38770,0.217871428571429
38781,0.0245738095238095
38782,0.245171428571429
38783,0.353431597654201
38784,0.0740587301587302
38785,0.184986507936508
38789,0.307711904761905
38790,0.181357936507937
38792,0.0874103174603174
38798,0.364490285734668
38803,0.210353968253968
38804,0.117693650793651
38805,0.130611111111111
38811,0.158988095238095
38814,0.0758047619047619
38820,0.142257142857143
38821,0.312124603174603
38824,0.0927111111111111
38829,0.13502380952381
38831,0.214056349206349
38833,0.372101619771689
38839,0.289944444444444
38841,0.10141746031746
38843,0.15969126984127
38846,0.0753468253968254
38854,0.151302380952381
38855,0.228969841269841
38857,0.0680095238095238
38859,0.393590476190476
38861,0.0758142857142857
38867,0.0716134920634921
38871,0.0930547619047619
38873,0.0960880952380953
38883,0.355842203849475
38884,0.211975396825397
38889,0.027731746031746
38892,0.395181746031746
38896,0.246260317460317
38897,0.321824603174603
38899,0.157765079365079
38906,0.12185
38907,0.312960317460317
38910,0.0533492063492063
38913,0.17034126984127
38915,0.175847619047619
38920,0.336280952380952
38922,0.131226984126984
38926,0.293221428571429
38932,0.0344666666666667
38933,0.549910570194294
38934,0.141781746031746
38939,0.270121428571429
38941,0.167075396825397
38942,0.424682437048261
38944,0.309802380952381
38947,0.0640484126984127
38965,0.288772222222222
38968,0.360894444444445
38970,0.298084193129635
38976,0.0987793650793651
38977,0.257088888888889
38982,0.0453365079365079
38984,0.106359523809524
38990,0.088731746031746
38991,0.0572182539682539
38996,0.183142063492064
38997,0.175165873015873
39011,0.0239515873015873
39013,0.0912428571428572
39014,0.0840428571428571
39024,0.0546349206349206
39027,0.352039682539682
39034,0.12218253968254
39036,0.176423015873016
39037,0.265005555555556
39038,0.117661904761905
39039,0.326428165191718
39044,0.196797619047619
39045,0.326751651646968
39053,0.168865873015873
39065,0.138953968253968
39067,0.144589682539683
39071,0.0496722222222222
39077,0.109744444444444
39079,0.0172174603174603
39081,0.108022222222222
39084,0.142437641101463
39085,0.12929806763285
39087,0.323495724477481
39095,0.347011904761905
39096,0.301137301587302
39097,0.359938095238095
39100,0.094202380952381
39102,0.274652304378572
39108,0.144426984126984
39125,0.0989087301587302
39127,0.366965873015873
39128,0.43054003868766
39131,0.25513253968254
39135,0.0777904761904762
39145,0.159403174603175
39147,0.0442015873015873
39148,0.39380873015873
39149,0.285583333333333
39150,0.12875873015873
39156,0.303248412698413
39159,0.314269047619048
39161,0.25790873015873
39164,0.165256349206349
39165,0.0966174603174603
39167,0.143438888888889
39169,0.0577595238095238
39174,0.063384126984127
39180,0.115225396825397
39182,0.1186
39187,0.181861111111111
39188,0.275720634920635
39190,0.146454761904762
39192,0.0747063492063492
39197,0.165568253968254
39201,0.183642063492063
39203,0.0862253968253968
39204,0.165129365079365
39205,0.150746031746032
39211,0.0322555555555556
39213,0.365336507936508
39224,0.0867015873015873
39228,0.263594444444444
39230,0.224896425735941
39233,0.202457142857143
39236,0.239883333333333
39237,0.355260651629073
39238,0.243643650793651
39239,0.221140476190476
39241,0.326651587301587
39249,0.477930428293706
39250,0.0639825396825397
39251,0.14093253968254
39254,0.0815206349206349
39255,0.0405047619047619
39257,0.0688650793650794
39258,0.168316666666667
39261,0.0430920634920635
39262,0.138030952380952
39263,0.0335269841269841
39264,0.0332761904761905
39268,0.0479690476190476
39280,0.216326984126984
39283,0.0967873015873016
39284,0.354878013695968
39286,0.272644444444444
39288,0.268759523809524
39289,0.17636746031746
39293,0.168424603174603
39296,0.0363785714285714
39297,0.235407142857143
39307,0.218823015873016
39309,0.341664285714286
39311,0.0332134920634921
39312,0.200472222222222
39315,0.0925404761904762
39318,0.295884920634921
39321,0.320586507936508
39322,0.0787357142857143
39326,0.0685396825396825
39329,0.287653535176254
39330,0.250305555555556
39334,0.17725
39338,0.0961309523809524
39349,0.358400793650794
39350,0.277235714285714
39351,0.155671428571429
39353,0.0885873015873016
39363,0.300129610676873
39382,0.145384126984127
39386,0.060334126984127
39391,0.32319126984127
39392,0.199538095238095
39394,0.268957142857143
39396,0.456869047619048
39398,0.22152380952381
39399,0.0746507936507936
39401,0.290600506980942
39403,0.233190476190476
39407,0.258642857142857
39408,0.262718253968254
39411,0.0992976190476191
39412,0.231256349206349
39414,0.269542857142857
39417,0.318345238095238
39418,0.0748619047619048
39419,0.405452754221779
39420,0.185584920634921
39424,0.192464285714286
39434,0.540559523809524
39436,0.0413063492063492
39438,0.275077447578133
39440,0.0868253968253968
39443,0.162626190476191
39444,0.13883253968254
39453,0.475877172375204
39454,0.104677777777778
39455,0.136570634920635
39457,0.0533777777777778
39459,0.0532873015873016
39460,0.137296031746032
39461,0.156480158730159
39462,0.203661904761905
39465,0.490327777777778
39466,0.116207142857143
39474,0.380346031746032
39476,0.0388198412698413
39477,0.290531746031746
39478,0.326518378407053
39479,0.143963492063492
39480,0.0842555555555556
39496,0.229070873660088
39500,0.160828571428572
39503,0.402867838047395
39505,0.277079288726368
39506,0.122053174603175
39507,0.379387506229059
39516,0.26319224733025
39518,0.259894444444444
39519,0.265398412698413
39520,0.119989682539683
39522,0.168023015873016
39529,0.139022222222222
39533,0.148407142857143
39534,0.0821738095238095
39535,0.140942063492064
39536,0.21373253968254
39537,0.116549206349206
39538,0.469274603174603
39539,0.306864416434806
39550,0.192429365079365
39551,0.0560095238095238
39552,0.224298412698413
39556,0.339937301587301
39557,0.238320634920635
39561,0.263172222222222
39564,0.0278380952380952
39565,0.0678857142857143
39571,0.167144444444444
39576,0.250313492063492
39578,0.0776357142857143
39580,0.0368412698412698
39583,0.10949126984127
39584,0.0291333333333333
39587,0.270586507936508
39589,0.44972380952381
39596,0.110539682539683
39607,0.263953968253968
39608,0.342866666666667
39610,0.0264404761904762
39613,0.0874642857142857
39629,0.124334920634921
39632,0.187615079365079
39634,0.0528880952380952
39637,0.440011904761905
39640,0.301215873015873
39641,0.256512698412698
39642,0.257974603174603
